Configure resampler: libSwResample
 0.011254
 0.019620
 0.018631
 0.011172
 0.004510
 0.006726
 0.010491
 0.008504
 0.009236
 0.008666
 0.009750
 0.003772
 0.016123
 0.013862
 0.012896
 0.021292
 0.017412
 0.016664
 0.016044
 0.014666
 0.018662
 0.016931
 0.016007
 0.016462
 0.016632
 0.011954
 0.015390
 0.017700
 0.016829
 0.015923
 0.016518
 0.015002
 0.016880
 0.016698
 0.016404
 0.014616
 0.016651
 0.010988
 0.010392
 0.016963
 0.017762
 0.016446
 0.014171
 0.017311
 0.013983
 0.019018
 0.015878
 0.011824
 0.015569
 0.016268
 0.012661
 0.015767
 0.017496
 0.016575
 0.016467
 0.015581
 0.013647
 0.016444
 0.016236
 0.015967
 0.015463
 0.014905
 0.012277
 0.014704
 0.015690
 0.016947
 0.015545
 0.016056
 0.017856
 0.016615
 0.012074
 0.013847
 0.014902
 0.013032
 0.015529
 0.013752
 0.014939
 0.014830
 0.015213
 0.015374
 0.013061
 0.014784
 0.013620
 0.017855
 0.015526
 0.012486
 0.015675
 0.015541
 0.016308
 0.015792
 0.014893
 0.015766
 0.015998
 0.010721
 0.014350
 0.015022
 0.013272
 0.015224
 0.022830
 0.014815
 0.015483
 0.015211
 0.011810
 0.019505
 0.016237
 0.019230
 0.018266
 0.013072
 0.013591
 0.016213
 0.017260
 0.019719
 0.016505
 0.016410
 0.012312
 0.016777
 0.015948
 0.017073
 0.014596
 0.020173
 0.017251
 0.015637
 0.015717
 0.017848
 0.015291
 0.016319
 0.015536
 0.016140
 0.012726
 0.013801
 0.012463
 0.014863
 0.016836
 0.014341
 0.017186
 0.014499
 0.018148
 0.016937
 0.015279
 0.014689
 0.016616
 0.016536
 0.021666
 0.014686
 0.015455
 0.014036
 0.013165
 0.014728
 0.017429
 0.015964
 0.013874
 0.014391
 0.015633
 0.015923
 0.015294
 0.015590
 0.014042
 0.016147
 0.014981
 0.015234
 0.013979
 0.016474
 0.015551
 0.011437
 0.014778
 0.016880
 0.011980
 0.012233
 0.014657
 0.015921
 0.013247
 0.013590
 0.015271
 0.013056
 0.012505
 0.013384
 0.011796
 0.016650
 0.012537
 0.038806
 0.017971
 0.012653
 0.011762
 0.012399
 0.014737
 0.014722
 0.015362
 0.014992
 0.014623
 0.015175
 0.014917
 0.015693
 0.014936
 0.010489
 0.015292
 0.014921
 0.013960
 0.018287
 0.010636
 0.012921
 0.016768
 0.012978
 0.014873
 0.011544
 0.015260
 0.015387
 0.010760
 0.014986
 0.009879
 0.013494
 0.013587
 0.012296
 0.015122
 0.015920
 0.014310
 0.013224
 0.012157
 0.013997
 0.016322
 0.008391
 0.014510
 0.013003
 0.013774
 0.015459
 0.013745
 0.013976
 0.012707
 0.014266
 0.013123
 0.013495
 0.012244
 0.015028
 0.014768
 0.010798
 0.009303
 0.014438
 0.009336
 0.009727
 0.010937
 0.014954
 0.013625
 0.013368
 0.014819
 0.013525
 0.013754
 0.012091
 0.010241
 0.015242
 0.013940
 0.014134
 0.014499
 0.013519
 0.014941
 0.011668
 0.013577
 0.014267
 0.013504
 0.013813
 0.013490
 0.013524
 0.013737
 0.013314
 0.013916
 0.010775
 0.013159
 0.012180
 0.013072
 0.013546
 0.013358
 0.010934
 0.013376
 0.012933
 0.011065
 0.022421
 0.014936
 0.016188
 0.015849
 0.016880
 0.015733
 0.016504
 0.014690
 0.014990
 0.011606
 0.015567
 0.015948
 0.014487
 0.015376
 0.016413
 0.014357
 0.015832
 0.015663
 0.010138
 0.014535
 0.014541
 0.010288
 0.021110
 0.012344
 0.014160
 0.016790
 0.012360
 0.015167
 0.015894
 0.010587
 0.016007
 0.018197
 0.016699
 0.015021
 0.013708
 0.011547
 0.011146
 0.015126
 0.007144
 0.017320
 0.017265
 0.021908
 0.018650
 0.008910
 0.019130
 0.016550
 0.016052
 0.013146
 0.013959
 0.015784
 0.015882
 0.015250
 0.015132
 0.012947
 0.013459
 0.014375
 0.009901
 0.008556
 0.013633
 0.016590
 0.012897
 0.014609
 0.014629
 0.013177
 0.009206
 0.009428
 0.017213
 0.013294
 0.013284
 0.008529
 0.013857
 0.013334
 0.014233
 0.011254
 0.013520
 0.011281
 0.012607
 0.014247
 0.013643
 0.014370
 0.013411
 0.016153
 0.016850
 0.014821
 0.014721
 0.015364
 0.015171
 0.013461
 0.014094
 0.013081
 0.013364
 0.009244
 0.014385
 0.013737
 0.012957
 0.013750
 0.014026
 0.010226
 0.014384
 0.014758
 0.009590
 0.012364
 0.011639
 0.022095
 0.013967
 0.013622
 0.015818
 0.012416
 0.013992
 0.014249
 0.014417
 0.014834
 0.016695
 0.011402
 0.016194
 0.019013
 0.017855
 0.014255
 0.015898
 0.017442
 0.015417
 0.011009
 0.015663
 0.014212
 0.030991
 0.011510
 0.012394
 0.017923
 0.017814
 0.017813
 0.017359
 0.021517
 0.015315
 0.016585
 0.018609
 0.017519
 0.018919
 0.014902
 0.017984
 0.017124
 0.022658
 0.015197
 0.017070
 0.016791
 0.016968
 0.016261
 0.016966
 0.024040
 0.013157
 0.012714
 0.015485
 0.016266
 0.011388
 0.011834
 0.013368
 0.019698
 0.016009
 0.016127
 0.015874
 0.013656
 0.013605
 0.016041
 0.013793
 0.015112
 0.016700
 0.016173
 0.016256
 0.018023
 0.013113
 0.014995
 0.011533
 0.014062
 0.013817
 0.014027
 0.013714
 0.010529
 0.011906
 0.015625
 0.014320
 0.016977
 0.014753
 0.014603
 0.014429
 0.015805
 0.014924
 0.015382
 0.013289
 0.017488
 0.018081
 0.017885
 0.015410
 0.013079
 0.016436
 0.017680
 0.017184
 0.017747
 0.018306
 0.016357
 0.016757
 0.017024
 0.017977
 0.012553
 0.015276
 0.013438
 0.017068
 0.015882
 0.016208
 0.016127
 0.014287
 0.008199
 0.015415
 0.011819
 0.014312
 0.015634
 0.015191
 0.015176
 0.011006
 0.012567
 0.011903
 0.010404
 0.012002
 0.014792
 0.010809
 0.013450
 0.010924
 0.010863
 0.014083
 0.014517
 0.013223
 0.014304
 0.013279
 0.012840
 0.012059
 0.019239
 0.016769
 0.017904
 0.018040
 0.016347
 0.017749
 0.016129
 0.016883
 0.012879
 0.017849
 0.015519
 0.016614
 0.017440
 0.017197
 0.017480
 0.013911
 0.017881
 0.015548
 0.014992
 0.015061
 0.017117
 0.021285
 0.016450
 0.015711
 0.018992
 0.015715
 0.019161
 0.016161
 0.017596
 0.019587
 0.018567
 0.017851
 0.018975
 0.016889
 0.016216
 0.016319
 0.015384
 0.015166
 0.013505
 0.017014
 0.017701
 0.015255
 0.016057
 0.017527
 0.015868
 0.015808
 0.017728
 0.014722
 0.022871
 0.016868
 0.016481
 0.017514
 0.018154
 0.013993
 0.014717
 0.015448
 0.017073
 0.017826
 0.017049
 0.016366
 0.016027
 0.015310
 0.014606
 0.013574
 0.012092
 0.009527
 0.010797
 0.012992
 0.011731
 0.010095
 0.009637
 0.010502
 0.011687
 0.008494
 0.010705
 0.011148
 0.013953
 0.012757
 0.014387
 0.012380
 0.012414
 0.013340
 0.013101
 0.013999
 0.012267
 0.015036
 0.014896
 0.013881
 0.014386
 0.015178
 0.014923
 0.012424
 0.014682
 0.013486
 0.012974
 0.010945
 0.012368
 0.010171
 0.014254
 0.018126
 0.014158
 0.013937
 0.013471
 0.013410
 0.012455
 0.013278
 0.011881
 0.017481
 0.014585
 0.014305
 0.012379
 0.013797
 0.014073
 0.013935
 0.015315
 0.010920
 0.009591
 0.012687
 0.010752
 0.014051
 0.013942
 0.013562
 0.009817
 0.013848
 0.010926
 0.012751
 0.013928
 0.013599
 0.013365
 0.014141
 0.014412
 0.015063
 0.014051
 0.014008
 0.014312
 0.014206
 0.013918
 0.014315
 0.014098
 0.011162
 0.013686
 0.013016
 0.012073
 0.012576
 0.014817
 0.016011
 0.015594
 0.016270
 0.014709
 0.014694
 0.012460
 0.017200
 0.014886
 0.014034
 0.012842
 0.014590
 0.014098
 0.015557
 0.014263
 0.015330
 0.010440
 0.014670
 0.011105
 0.015174
 0.013896
 0.015804
 0.011794
 0.015190
 0.015750
 0.015004
 0.012648
 0.014671
 0.017672
 0.015968
 0.012592
 0.016894
 0.016815
 0.012545
 0.015467
 0.016309
 0.018313
 0.018591
 0.011620
 0.015077
 0.014019
 0.015787
 0.011221
 0.019279
 0.012145
 0.015964
 0.014695
 0.011625
 0.014508
 0.013159
 0.012967
 0.012362
 0.013129
 0.010360
 0.013126
 0.012453
 0.012866
 0.013257
 0.012931
 0.013505
 0.013323
 0.010356
 0.008410
 0.012894
 0.015014
 0.016110
 0.018903
 0.013938
 0.015634
 0.018052
 0.011785
 0.011784
 0.016498
 0.015295
 0.018533
 0.016274
 0.011553
 0.010076
 0.018138
 0.018395
 0.015229
 0.017191
 0.011412
 0.017799
 0.008671
 0.009290
 0.020561
 0.011446
 0.016038
 0.015432
 0.015208
 0.014294
 0.018364
 0.015187
 0.016296
 0.016342
 0.017640
 0.014814
 0.018318
 0.017354
 0.011675
 0.018956
 0.012618
 0.018130
 0.016828
 0.014660
 0.015357
 0.011623
 0.011386
 0.010814
 0.012706
 0.006961
 0.014401
 0.009736
 0.012206
 0.008958
 0.009870
 0.013103
 0.012500
 0.010370
 0.013065
 0.012513
 0.010792
 0.012020
 0.012729
 0.009130
 0.007983
 0.012640
 0.005848
 0.015971
 0.016012
 0.016989
 0.011574
 0.011274
 0.018914
 0.012557
 0.017424
 0.015557
 0.016165
 0.015709
 0.016541
 0.016238
 0.012739
 0.016247
 0.013698
 0.016362
 0.016861
 0.015826
 0.016456
 0.016687
 0.016780
 0.017017
 0.018232
 0.015668
 0.017159
 0.015273
 0.018848
 0.018625
 0.018226
 0.017842
 0.014941
 0.017870
 0.017888
 0.017192
 0.014325
 0.017110
 0.017785
 0.019881
 0.016536
 0.016494
 0.016527
 0.018537
 0.011705
 0.015916
 0.017258
 0.020015
 0.016353
 0.016774
 0.013886
 0.017340
 0.015395
 0.020405
 0.012408
 0.019107
 0.016225
 0.015958
 0.016948
 0.018599
 0.016653
 0.016115
 0.013692
 0.018687
 0.016488
 0.014183
 0.018361
 0.013682
 0.019056
 0.020162
 0.012734
 0.011403
 0.011894
 0.012099
 0.013074
 0.010883
 0.012224
 0.010943
 0.010953
 0.010457
 0.009514
 0.010893
 0.011945
 0.010769
 0.010531
 0.008686
 0.010311
 0.023357
 0.012485
 0.018659
 0.019614
 0.016416
 0.012316
 0.016826
 0.017176
 0.014655
 0.015110
 0.016297
 0.015568
 0.022100
 0.020728
 0.014200
 0.019938
 0.019844
 0.019875
 0.018835
 0.020949
 0.019801
 0.019262
 0.019956
 0.017165
 0.016553
 0.017068
 0.016455
 0.017169
 0.014758
 0.016387
 0.017469
 0.017035
 0.017491
 0.018940
 0.017879
 0.015091
 0.018714
 0.016983
 0.019638
 0.014788
 0.015527
 0.018806
 0.014060
 0.015201
 0.016301
 0.020413
 0.012231
 0.015915
 0.014305
 0.017030
 0.013876
 0.017545
 0.015465
 0.016700
 0.016306
 0.017410
 0.015408
 0.015757
 0.014315
 0.016128
 0.014668
 0.014884
 0.015416
 0.010212
 0.013797
 0.009045
 0.019110
 0.014997
 0.008005
 0.015983
 0.016404
 0.011145
 0.015364
 0.012936
 0.010286
 0.015707
 0.016736
 0.009956
 0.018668
 0.016079
 0.010372
 0.017281
 0.015500
 0.014981
 0.015574
 0.016194
 0.017165
 0.016337
 0.014882
 0.016658
 0.016710
 0.016740
 0.013880
 0.013456
 0.016056
 0.012614
 0.012515
 0.013321
 0.015012
 0.013818
 0.012187
 0.016425
 0.010823
 0.012921
 0.014877
 0.011332
 0.013821
 0.014785
 0.014288
 0.012750
 0.015753
 0.013129
 0.009742
 0.012247
 0.011349
 0.012614
 0.009418
 0.012459
 0.011296
 0.009123
 0.010927
 0.011911
 0.011677
 0.015087
 0.013116
 0.011743
 0.013018
 0.013692
 0.014681
 0.009931
 0.011278
 0.013852
 0.010302
 0.013369
 0.008909
 0.014337
 0.013023
 0.013283
 0.016407
 0.014086
 0.013609
 0.012528
 0.012388
 0.009082
 0.016965
 0.016934
 0.016859
 0.017943
 0.013489
 0.013433
 0.014208
 0.014901
 0.017097
 0.019746
 0.018215
 0.016538
 0.019120
 0.018910
 0.019199
 0.020037
 0.019413
 0.015463
 0.022081
 0.019650
 0.015844
 0.017865
 0.020147
 0.018239
 0.018293
 0.020245
 0.015970
 0.016400
 0.016075
 0.010970
 0.015132
 0.016604
 0.017077
 0.011496
 0.011776
 0.016481
 0.015562
 0.018116
 0.015994
 0.014868
 0.017804
 0.010231
 0.013448
 0.019769
 0.011298
 0.016117
 0.013627
 0.017126
 0.015125
 0.016278
 0.015401
 0.015602
 0.015650
 0.017039
 0.015369
 0.015950
 0.015615
 0.015899
 0.016204
 0.018806
 0.009389
 0.011787
 0.014162
 0.013534
 0.012066
 0.014628
 0.010046
 0.010676
 0.014408
 0.014640
 0.018377
 0.012586
 0.013645
 0.015738
 0.015891
 0.014548
 0.014382
 0.012513
 0.018100
 0.017852
 0.014896
 0.018579
 0.017640
 0.016993
 0.017629
 0.016969
 0.018589
 0.017495
 0.017257
 0.017646
 0.017440
 0.016523
 0.017722
 0.016975
 0.014833
 0.017276
 0.014128
 0.017586
 0.016403
 0.017777
 0.013633
 0.012397
 0.012042
 0.011524
 0.014068
 0.015274
 0.010556
 0.016262
 0.014083
 0.015562
 0.013246
 0.015425
 0.010633
 0.015757
 0.017389
 0.012079
 0.014405
 0.017549
 0.013546
 0.014615
 0.014896
 0.011918
 0.010955
 0.012437
 0.014903
 0.012941
 0.013494
 0.014517
 0.014720
 0.015151
 0.017098
 0.020273
 0.014152
 0.013358
 0.013718
 0.013945
 0.015978
 0.012640
 0.011973
 0.014635
 0.014163
 0.013378
 0.015580
 0.014887
 0.014439
 0.012897
 0.019073
 0.011011
 0.017390
 0.016584
 0.012404
 0.014041
 0.013327
 0.013406
 0.023819
 0.009487
 0.011680
 0.015695
 0.014101
 0.011845
 0.017008
 0.011790
 0.011794
 0.014816
 0.013855
 0.015877
 0.015504
 0.015300
 0.016296
 0.016338
 0.013008
 0.015709
 0.014939
 0.015663
 0.011153
 0.012094
 0.014751
 0.017056
 0.014025
 0.012826
 0.015287
 0.010343
 0.020498
 0.020310
 0.012902
 0.017601
 0.012594
 0.014050
 0.011253
 0.012809
 0.025192
 0.018053
 0.013248
 0.019727
 0.013716
 0.018869
 0.013049
 0.019661
 0.014875
 0.019986
 0.013452
 0.014680
 0.018143
 0.015315
 0.020115
 0.014873
 0.016645
 0.015127
 0.014641
 0.016456
 0.015439
 0.015977
 0.016334
 0.011782
 0.021571
 0.016492
 0.016602
 0.015827
 0.015798
 0.019157
 0.009364
 0.013808
 0.016825
 0.015318
 0.015808
 0.014840
 0.015043
 0.014479
 0.013097
 0.016760
 0.012022
 0.013683
 0.014331
 0.011530
 0.015846
 0.012566
 0.012314
 0.017447
 0.014621
 0.013855
 0.012384
 0.014396
 0.014786
 0.012659
 0.012856
 0.013434
 0.013471
 0.012386
 0.014825
 0.016219
 0.011026
 0.010030
 0.013359
 0.013120
 0.011961
 0.013182
 0.011149
 0.011679
 0.013996
 0.013212
 0.013979
 0.011788
 0.011737
 0.013912
 0.010018
 0.013465
 0.013520
 0.008807
 0.010919
 0.013492
 0.010157
 0.010777
 0.013882
 0.013028
 0.013039
 0.014008
 0.013119
 0.017714
 0.011606
 0.016452
 0.017367
 0.014686
 0.014477
 0.014182
 0.014841
 0.014129
 0.014886
 0.016671
 0.010788
 0.014957
 0.015748
 0.017422
 0.015792
 0.017601
 0.016338
 0.016998
 0.018137
 0.016752
 0.013024
 0.014948
 0.019270
 0.015714
 0.015329
 0.011859
 0.015465
 0.016572
 0.016892
 0.012198
 0.016603
 0.013057
 0.011704
 0.015169
 0.015234
 0.015638
 0.016094
 0.011002
 0.014641
 0.011236
 0.012716
 0.015518
 0.015129
 0.012877
 0.014928
 0.013549
 0.015223
 0.013177
 0.010281
 0.014141
 0.013943
 0.013039
 0.014373
 0.014599
 0.011022
 0.013532
 0.016817
 0.015286
 0.015299
 0.014786
 0.016128
 0.018214
 0.016758
 0.014702
 0.016249
 0.019471
 0.021455
 0.012423
 0.011135
 0.016532
 0.017221
 0.018652
 0.011899
 0.013966
 0.017116
 0.018892
 0.017642
 0.018164
 0.017153
 0.016360
 0.017583
 0.014433
 0.018077
 0.015721
 0.017694
 0.015066
 0.014931
 0.017926
 0.022423
 0.018106
 0.018955
 0.018847
 0.016614
 0.023152
 0.017924
 0.015095
 0.012855
 0.014108
 0.014767
 0.014898
 0.014314
 0.013035
 0.011856
 0.015073
 0.015317
 0.013317
 0.015035
 0.016078
 0.018282
 0.015464
 0.013617
 0.014838
 0.017324
 0.015933
 0.012665
 0.016286
 0.011545
 0.015092
 0.016051
 0.015441
 0.014574
 0.013675
 0.012562
 0.007137
 0.012615
 0.012403
 0.012809
 0.012576
 0.011719
 0.012168
 0.010750
 0.010020
 0.008161
 0.012519
 0.012075
 0.011383
 0.014794
 0.013054
 0.012716
 0.008479
 0.011175
 0.011897
 0.010900
 0.012485
 0.013685
 0.008864
 0.012009
 0.012127
 0.009810
 0.010958
 0.009638
 0.011800
 0.018391
 0.011826
 0.013154
 0.013150
 0.014936
 0.013570
 0.008647
 0.014361
 0.013555
 0.011751
 0.012499
 0.009449
 0.005989
 0.012704
 0.011850
 0.007083
 0.005123
 0.005943
 0.010882
 0.011538
 0.009024
 0.003982
 0.008103
 0.007397
 0.008555
 0.009227
1465 frames decoded in toal.
