Configure resampler: libSwResample
 0.009417
 0.023567
 0.016869
 0.012998
 0.003731
 0.006238
 0.009898
 0.009760
 0.004785
 0.007482
 0.010575
 0.004070
 0.024962
 0.018563
 0.016521
 0.020432
 0.015989
 0.017774
 0.017951
 0.011851
 0.018737
 0.014519
 0.018056
 0.011912
 0.017651
 0.018326
 0.013967
 0.017502
 0.017644
 0.013265
 0.014196
 0.014653
 0.012359
 0.016260
 0.016368
 0.011867
 0.018065
 0.010629
 0.020427
 0.018252
 0.018185
 0.027052
 0.015851
 0.014937
 0.011752
 0.016466
 0.015936
 0.012838
 0.016255
 0.014717
 0.017481
 0.016568
 0.016518
 0.017457
 0.014560
 0.019520
 0.014070
 0.015879
 0.018632
 0.018788
 0.018309
 0.015796
 0.015680
 0.019359
 0.016660
 0.017977
 0.012325
 0.016013
 0.012676
 0.016228
 0.016459
 0.015165
 0.015609
 0.011987
 0.016483
 0.016584
 0.017042
 0.016837
 0.016224
 0.015314
 0.012327
 0.014087
 0.018218
 0.014402
 0.015432
 0.016503
 0.015161
 0.015220
 0.016542
 0.014797
 0.016339
 0.015158
 0.015471
 0.015660
 0.015563
 0.015415
 0.015890
 0.015936
 0.024056
 0.010945
 0.016534
 0.016688
 0.016433
 0.017389
 0.017437
 0.017829
 0.016113
 0.017005
 0.019255
 0.013321
 0.015881
 0.018465
 0.015303
 0.018464
 0.015307
 0.016889
 0.019187
 0.012006
 0.016506
 0.019352
 0.022395
 0.017223
 0.019109
 0.014635
 0.012741
 0.015726
 0.015985
 0.018087
 0.016228
 0.013280
 0.014943
 0.016718
 0.016893
 0.016566
 0.017525
 0.013369
 0.014881
 0.016709
 0.014661
 0.016241
 0.016618
 0.014602
 0.020753
 0.016003
 0.012586
 0.013336
 0.013811
 0.016437
 0.017657
 0.013103
 0.012092
 0.016000
 0.013409
 0.013450
 0.012203
 0.015107
 0.021092
 0.015460
 0.019256
 0.013938
 0.015501
 0.012731
 0.012186
 0.015593
 0.013465
 0.019722
 0.014908
 0.014208
 0.016975
 0.017050
 0.015446
 0.015169
 0.009427
 0.012307
 0.012649
 0.013291
 0.013351
 0.012023
 0.013690
 0.018982
 0.014484
 0.011533
 0.010434
 0.015360
 0.014940
 0.016041
 0.012307
 0.011852
 0.014326
 0.014250
 0.015780
 0.011693
 0.013317
 0.013624
 0.017212
 0.010775
 0.015453
 0.014669
 0.016607
 0.014470
 0.017430
 0.016294
 0.015479
 0.015902
 0.012698
 0.011962
 0.015572
 0.013507
 0.016000
 0.015123
 0.015063
 0.014804
 0.014604
 0.011466
 0.016854
 0.017383
 0.014610
 0.014704
 0.015634
 0.011776
 0.014169
 0.014384
 0.013293
 0.015181
 0.015009
 0.010761
 0.016535
 0.014563
 0.015164
 0.009513
 0.015294
 0.016438
 0.013118
 0.013917
 0.014062
 0.011674
 0.014251
 0.013195
 0.014322
 0.014374
 0.013857
 0.013183
 0.014503
 0.006708
 0.010169
 0.011626
 0.014479
 0.016136
 0.009760
 0.013781
 0.014813
 0.013843
 0.017120
 0.012706
 0.015447
 0.016988
 0.011911
 0.011021
 0.014013
 0.013245
 0.014209
 0.010369
 0.013813
 0.013232
 0.010933
 0.015082
 0.014921
 0.011501
 0.009078
 0.012925
 0.012723
 0.009995
 0.013434
 0.021925
 0.014149
 0.015562
 0.017021
 0.012960
 0.017303
 0.012249
 0.017666
 0.015641
 0.014876
 0.019601
 0.015874
 0.016098
 0.010679
 0.016031
 0.016374
 0.019879
 0.013453
 0.014916
 0.016143
 0.014492
 0.014687
 0.020716
 0.013272
 0.016134
 0.017939
 0.017888
 0.015023
 0.015691
 0.016080
 0.011522
 0.017602
 0.019254
 0.011929
 0.015580
 0.013895
 0.015977
 0.013876
 0.010914
 0.016229
 0.016827
 0.013485
 0.013174
 0.015258
 0.017063
 0.013987
 0.019068
 0.015671
 0.015681
 0.017172
 0.015660
 0.011219
 0.015946
 0.013652
 0.015308
 0.016302
 0.014394
 0.018226
 0.018891
 0.014815
 0.012441
 0.016423
 0.016147
 0.014639
 0.013985
 0.013967
 0.010220
 0.012909
 0.013657
 0.011314
 0.016518
 0.013303
 0.015913
 0.013633
 0.014139
 0.014861
 0.012909
 0.013394
 0.014281
 0.014978
 0.012866
 0.015858
 0.011036
 0.015329
 0.011793
 0.014737
 0.013315
 0.014491
 0.015189
 0.014223
 0.013444
 0.013999
 0.013206
 0.013128
 0.014858
 0.012205
 0.008851
 0.014725
 0.014434
 0.014793
 0.014920
 0.010179
 0.016581
 0.022690
 0.014564
 0.017100
 0.015009
 0.012669
 0.016042
 0.017170
 0.014556
 0.016465
 0.015473
 0.018012
 0.015470
 0.019186
 0.018313
 0.016039
 0.017673
 0.015955
 0.015015
 0.014648
 0.013484
 0.014131
 0.026742
 0.019025
 0.017443
 0.017840
 0.015709
 0.018204
 0.018352
 0.017528
 0.014766
 0.019030
 0.018105
 0.018282
 0.018261
 0.018790
 0.018069
 0.018223
 0.012256
 0.017985
 0.015629
 0.017512
 0.011801
 0.015784
 0.017821
 0.025450
 0.009518
 0.015427
 0.015687
 0.018758
 0.015844
 0.016657
 0.017066
 0.018273
 0.015022
 0.018520
 0.015256
 0.015745
 0.018005
 0.018098
 0.014565
 0.017823
 0.017477
 0.015027
 0.016750
 0.014878
 0.016024
 0.015091
 0.017726
 0.017432
 0.015428
 0.016048
 0.012934
 0.011849
 0.017550
 0.015248
 0.017475
 0.017655
 0.016686
 0.016839
 0.015376
 0.013589
 0.017659
 0.016960
 0.018486
 0.018148
 0.016634
 0.017092
 0.020294
 0.017031
 0.017684
 0.018137
 0.018345
 0.019325
 0.017973
 0.017991
 0.018918
 0.019882
 0.017090
 0.017483
 0.017878
 0.017322
 0.016677
 0.015934
 0.014943
 0.011987
 0.016181
 0.012868
 0.017452
 0.012858
 0.015195
 0.015815
 0.016305
 0.015637
 0.017164
 0.012614
 0.013892
 0.014819
 0.015876
 0.014580
 0.013407
 0.014077
 0.011572
 0.014580
 0.014041
 0.013684
 0.014662
 0.014178
 0.013756
 0.012421
 0.015000
 0.018253
 0.019535
 0.019884
 0.018620
 0.020921
 0.017369
 0.017811
 0.017173
 0.019310
 0.018702
 0.017721
 0.019024
 0.018362
 0.016759
 0.018330
 0.016540
 0.018800
 0.014573
 0.014264
 0.019166
 0.017250
 0.019815
 0.019459
 0.017869
 0.019077
 0.018336
 0.020974
 0.018346
 0.017561
 0.018412
 0.020328
 0.018150
 0.022601
 0.016121
 0.016455
 0.016839
 0.016891
 0.017779
 0.016682
 0.018438
 0.017406
 0.017007
 0.016279
 0.017951
 0.015746
 0.016062
 0.017485
 0.015171
 0.021274
 0.016091
 0.017002
 0.016786
 0.016508
 0.017842
 0.012734
 0.015842
 0.017723
 0.016969
 0.013391
 0.017058
 0.015924
 0.014790
 0.014753
 0.012511
 0.012851
 0.011389
 0.010672
 0.012654
 0.015239
 0.009846
 0.013206
 0.009468
 0.011323
 0.012884
 0.013501
 0.011649
 0.014156
 0.012761
 0.013622
 0.014827
 0.012617
 0.013646
 0.016219
 0.014878
 0.014228
 0.016769
 0.012537
 0.015129
 0.015017
 0.014415
 0.014579
 0.015248
 0.013709
 0.013076
 0.013396
 0.013759
 0.013572
 0.012938
 0.015043
 0.018618
 0.013907
 0.013503
 0.013643
 0.013779
 0.009942
 0.013911
 0.014362
 0.016233
 0.014163
 0.015235
 0.013292
 0.014015
 0.013404
 0.013868
 0.015942
 0.019160
 0.015282
 0.014546
 0.013885
 0.015609
 0.009294
 0.011946
 0.014057
 0.010792
 0.014614
 0.014475
 0.013476
 0.017299
 0.013393
 0.014802
 0.013650
 0.012137
 0.012664
 0.011590
 0.014916
 0.014489
 0.010329
 0.016902
 0.010422
 0.014452
 0.013309
 0.012933
 0.012545
 0.009567
 0.015669
 0.015976
 0.014373
 0.016327
 0.015650
 0.016677
 0.012168
 0.014466
 0.010610
 0.013855
 0.012291
 0.011022
 0.011623
 0.016493
 0.018166
 0.015305
 0.011220
 0.012465
 0.014692
 0.017664
 0.014889
 0.015480
 0.017998
 0.015147
 0.016918
 0.010996
 0.015541
 0.015154
 0.014049
 0.013027
 0.014936
 0.017168
 0.016765
 0.011945
 0.012943
 0.014303
 0.017331
 0.013818
 0.016456
 0.018726
 0.015055
 0.015827
 0.017955
 0.016869
 0.013076
 0.010479
 0.013902
 0.009603
 0.014198
 0.007678
 0.012572
 0.014694
 0.014727
 0.014417
 0.013946
 0.014909
 0.010744
 0.015281
 0.014591
 0.015802
 0.013613
 0.009300
 0.009005
 0.010848
 0.015324
 0.010875
 0.015314
 0.016824
 0.016376
 0.017652
 0.011361
 0.014791
 0.019386
 0.015677
 0.012586
 0.015422
 0.018579
 0.009118
 0.017095
 0.017858
 0.017041
 0.015540
 0.011527
 0.018101
 0.011115
 0.010534
 0.019699
 0.012363
 0.015656
 0.014532
 0.017488
 0.016361
 0.017503
 0.019132
 0.016970
 0.017233
 0.018584
 0.011667
 0.015778
 0.020144
 0.015024
 0.015132
 0.016157
 0.018605
 0.015330
 0.013019
 0.014932
 0.017089
 0.007148
 0.010612
 0.007722
 0.012481
 0.012718
 0.012243
 0.011968
 0.011577
 0.011590
 0.014527
 0.012038
 0.009498
 0.010507
 0.014899
 0.010853
 0.015649
 0.013468
 0.011636
 0.010674
 0.012890
 0.007335
 0.016596
 0.012015
 0.016799
 0.016296
 0.015663
 0.016590
 0.016532
 0.020499
 0.017718
 0.016676
 0.015018
 0.012287
 0.016673
 0.014222
 0.012198
 0.012134
 0.015544
 0.015653
 0.014066
 0.014773
 0.016360
 0.016449
 0.018269
 0.020054
 0.017327
 0.019618
 0.018115
 0.013408
 0.016559
 0.015795
 0.020086
 0.017589
 0.017783
 0.014922
 0.018494
 0.015933
 0.017564
 0.017327
 0.019981
 0.018876
 0.016230
 0.016935
 0.018516
 0.018353
 0.017271
 0.014042
 0.017070
 0.019422
 0.017928
 0.014966
 0.013335
 0.017868
 0.015184
 0.016262
 0.019171
 0.018949
 0.018412
 0.018977
 0.019985
 0.011608
 0.017415
 0.018093
 0.018250
 0.016356
 0.017308
 0.019274
 0.017478
 0.014034
 0.017153
 0.015881
 0.011215
 0.012141
 0.006735
 0.013858
 0.011608
 0.009307
 0.012052
 0.011139
 0.016312
 0.011324
 0.012219
 0.013720
 0.010297
 0.010794
 0.010925
 0.010215
 0.026425
 0.014535
 0.016123
 0.020912
 0.016886
 0.016194
 0.017319
 0.016120
 0.017263
 0.012583
 0.018878
 0.014744
 0.021220
 0.015303
 0.017763
 0.020986
 0.019113
 0.016627
 0.019739
 0.020874
 0.019115
 0.015084
 0.022533
 0.013059
 0.015524
 0.015734
 0.012510
 0.018488
 0.016188
 0.014937
 0.016406
 0.013153
 0.020204
 0.018448
 0.016609
 0.017417
 0.019425
 0.019035
 0.015792
 0.015013
 0.015531
 0.011450
 0.015621
 0.019484
 0.016007
 0.012857
 0.012315
 0.016909
 0.018434
 0.017070
 0.017922
 0.012194
 0.017163
 0.016104
 0.016794
 0.017153
 0.013049
 0.016347
 0.012430
 0.015413
 0.015505
 0.014644
 0.013945
 0.013232
 0.010408
 0.014509
 0.013794
 0.014495
 0.010406
 0.017014
 0.015236
 0.011257
 0.019772
 0.017790
 0.006941
 0.017159
 0.018802
 0.010749
 0.014718
 0.018662
 0.006364
 0.014976
 0.017334
 0.016160
 0.015965
 0.016522
 0.016008
 0.015313
 0.018615
 0.013550
 0.012135
 0.016835
 0.011753
 0.009003
 0.017859
 0.013791
 0.013585
 0.013701
 0.015672
 0.009134
 0.010465
 0.015071
 0.016403
 0.014917
 0.011931
 0.013084
 0.014108
 0.013727
 0.014212
 0.009714
 0.015875
 0.013037
 0.012865
 0.011882
 0.012594
 0.012381
 0.011470
 0.012424
 0.012009
 0.012339
 0.012046
 0.012877
 0.015406
 0.015969
 0.010341
 0.014025
 0.012055
 0.012133
 0.013584
 0.012966
 0.013449
 0.013627
 0.013212
 0.014299
 0.010186
 0.012529
 0.014823
 0.013349
 0.014395
 0.008692
 0.013496
 0.014044
 0.012417
 0.012782
 0.014951
 0.017916
 0.016238
 0.016649
 0.015979
 0.018238
 0.016225
 0.011971
 0.019653
 0.016669
 0.016666
 0.015937
 0.018398
 0.018534
 0.016770
 0.018997
 0.020062
 0.019245
 0.019625
 0.017027
 0.017417
 0.020114
 0.019996
 0.016771
 0.018636
 0.018999
 0.016243
 0.010980
 0.017076
 0.015131
 0.013067
 0.016110
 0.016300
 0.014843
 0.017147
 0.013685
 0.017359
 0.019986
 0.014784
 0.016289
 0.016989
 0.014780
 0.013230
 0.012705
 0.015613
 0.011669
 0.017021
 0.014870
 0.011660
 0.011093
 0.017320
 0.012890
 0.017842
 0.015785
 0.016503
 0.014276
 0.015252
 0.015925
 0.016292
 0.014361
 0.010718
 0.009829
 0.013250
 0.017819
 0.013490
 0.014435
 0.014009
 0.014533
 0.010967
 0.011303
 0.022969
 0.012631
 0.012843
 0.012796
 0.014624
 0.011999
 0.013554
 0.013704
 0.015238
 0.017650
 0.014003
 0.019843
 0.018653
 0.015619
 0.017405
 0.015652
 0.016423
 0.016519
 0.017117
 0.015333
 0.017922
 0.015116
 0.017341
 0.018282
 0.018587
 0.017849
 0.018006
 0.018388
 0.019632
 0.011448
 0.014417
 0.015734
 0.012237
 0.014138
 0.012571
 0.015815
 0.014655
 0.016979
 0.010156
 0.015489
 0.015043
 0.015939
 0.015497
 0.020064
 0.011478
 0.017113
 0.015264
 0.012146
 0.015537
 0.016584
 0.016338
 0.015753
 0.014408
 0.013922
 0.015260
 0.013740
 0.013801
 0.017219
 0.016857
 0.011325
 0.017175
 0.022825
 0.013596
 0.016961
 0.013593
 0.014096
 0.015248
 0.013900
 0.014832
 0.014658
 0.014335
 0.013596
 0.015282
 0.015294
 0.015764
 0.013736
 0.018294
 0.015571
 0.016612
 0.016880
 0.014674
 0.014888
 0.013684
 0.014578
 0.022023
 0.014165
 0.017878
 0.016821
 0.015034
 0.014350
 0.017050
 0.016176
 0.015963
 0.014713
 0.017239
 0.016219
 0.015451
 0.015425
 0.015668
 0.015374
 0.014775
 0.015378
 0.018193
 0.013511
 0.014894
 0.014299
 0.017773
 0.016581
 0.017937
 0.016764
 0.016437
 0.015170
 0.021641
 0.015702
 0.015855
 0.017077
 0.014256
 0.014440
 0.014017
 0.015094
 0.023468
 0.018329
 0.013349
 0.019796
 0.014729
 0.017979
 0.009885
 0.019298
 0.013372
 0.022250
 0.015571
 0.017040
 0.020854
 0.017089
 0.019596
 0.011135
 0.014930
 0.015272
 0.016426
 0.016758
 0.014649
 0.010938
 0.017064
 0.015873
 0.015745
 0.016433
 0.017406
 0.015625
 0.012591
 0.020570
 0.014997
 0.013443
 0.015158
 0.014615
 0.010933
 0.014896
 0.015903
 0.014631
 0.014518
 0.017898
 0.012334
 0.013392
 0.013754
 0.010457
 0.017791
 0.014280
 0.013705
 0.011720
 0.012879
 0.013984
 0.012585
 0.014460
 0.014097
 0.014655
 0.012051
 0.009762
 0.012723
 0.012968
 0.013640
 0.015062
 0.014757
 0.010680
 0.013856
 0.014673
 0.014167
 0.014015
 0.014464
 0.014851
 0.014421
 0.012420
 0.010044
 0.013533
 0.008499
 0.014663
 0.014916
 0.013520
 0.013189
 0.008397
 0.013219
 0.014523
 0.013649
 0.014285
 0.011957
 0.010979
 0.012625
 0.013904
 0.012522
 0.015901
 0.013990
 0.015603
 0.017930
 0.014145
 0.015794
 0.014683
 0.013150
 0.014750
 0.013296
 0.014703
 0.017331
 0.015760
 0.016115
 0.016580
 0.017335
 0.018514
 0.014716
 0.017746
 0.019528
 0.015682
 0.016263
 0.015758
 0.013960
 0.015493
 0.016299
 0.012332
 0.012316
 0.011367
 0.012497
 0.012707
 0.016576
 0.014974
 0.016987
 0.013879
 0.016317
 0.016116
 0.014495
 0.013922
 0.014908
 0.015047
 0.014910
 0.014460
 0.015346
 0.011400
 0.009763
 0.013923
 0.014911
 0.013348
 0.015023
 0.016594
 0.013642
 0.014851
 0.014718
 0.015123
 0.011785
 0.015192
 0.015989
 0.015214
 0.014064
 0.011034
 0.018459
 0.020324
 0.020398
 0.018703
 0.015825
 0.019034
 0.023681
 0.015693
 0.016358
 0.018586
 0.013783
 0.019391
 0.017306
 0.017004
 0.018199
 0.019506
 0.016655
 0.018202
 0.019587
 0.018100
 0.017442
 0.019026
 0.017334
 0.018171
 0.017559
 0.018728
 0.016303
 0.017610
 0.020077
 0.014754
 0.019640
 0.012989
 0.019177
 0.019019
 0.022314
 0.017819
 0.012882
 0.011604
 0.011401
 0.013348
 0.010397
 0.015655
 0.013515
 0.015894
 0.016192
 0.015761
 0.014116
 0.018713
 0.011312
 0.011008
 0.015424
 0.015806
 0.015844
 0.015669
 0.016902
 0.018433
 0.018115
 0.015354
 0.011445
 0.017841
 0.011749
 0.011097
 0.011799
 0.008638
 0.012734
 0.011132
 0.011590
 0.011946
 0.012256
 0.012360
 0.010163
 0.007935
 0.009033
 0.012537
 0.012495
 0.010180
 0.015501
 0.012086
 0.014325
 0.010844
 0.011571
 0.008729
 0.010392
 0.012623
 0.007996
 0.011572
 0.012115
 0.011517
 0.009002
 0.008995
 0.009446
 0.011675
 0.021893
 0.008616
 0.011109
 0.013387
 0.013052
 0.009962
 0.014391
 0.012810
 0.014141
 0.014152
 0.011169
 0.013152
 0.007333
 0.013766
 0.011678
 0.010465
 0.009990
 0.005937
 0.005735
 0.009842
 0.010684
 0.007356
 0.008661
 0.010165
 0.008367
 0.010576
1465 frames decoded in toal.
