Configure resampler: libSwResample
 0.012379
 0.020160
 0.017675
 0.008181
 0.014320
 0.015352
 0.002923
 0.008935
 0.011503
 0.004408
 0.008348
 0.008592
 0.016553
 0.016084
 0.015500
 0.019313
 0.017771
 0.016381
 0.018331
 0.015255
 0.019388
 0.016351
 0.013689
 0.013875
 0.016724
 0.018298
 0.015483
 0.014169
 0.014547
 0.011951
 0.014763
 0.015366
 0.016435
 0.014598
 0.016473
 0.015224
 0.014154
 0.015688
 0.020256
 0.015648
 0.015266
 0.017971
 0.023087
 0.016387
 0.015941
 0.015986
 0.015372
 0.015362
 0.016789
 0.012552
 0.015759
 0.015577
 0.013631
 0.016010
 0.017292
 0.013984
 0.015338
 0.016687
 0.014794
 0.017160
 0.016277
 0.016527
 0.013686
 0.016399
 0.014856
 0.016532
 0.015927
 0.016714
 0.016473
 0.016341
 0.016487
 0.015434
 0.013526
 0.013247
 0.016639
 0.010800
 0.018635
 0.012556
 0.015111
 0.013985
 0.017697
 0.015702
 0.015945
 0.015008
 0.016083
 0.016253
 0.011123
 0.010363
 0.016846
 0.015986
 0.015370
 0.015642
 0.010414
 0.016064
 0.014986
 0.015822
 0.015720
 0.011376
 0.017448
 0.015486
 0.013968
 0.014909
 0.013124
 0.019187
 0.017640
 0.020688
 0.016344
 0.018023
 0.019276
 0.017214
 0.017226
 0.021405
 0.015325
 0.016722
 0.016904
 0.016754
 0.016458
 0.016082
 0.016690
 0.020171
 0.012937
 0.017714
 0.016467
 0.013896
 0.015195
 0.016408
 0.015989
 0.015431
 0.016977
 0.013188
 0.012303
 0.019384
 0.017021
 0.014122
 0.016272
 0.011860
 0.014465
 0.016381
 0.017010
 0.011813
 0.017592
 0.013606
 0.026053
 0.010032
 0.014920
 0.011645
 0.012110
 0.015917
 0.013014
 0.014545
 0.015723
 0.013303
 0.015623
 0.015590
 0.014721
 0.011290
 0.015519
 0.017164
 0.016890
 0.014786
 0.015272
 0.016839
 0.015537
 0.018221
 0.015477
 0.012949
 0.015369
 0.015400
 0.016290
 0.015459
 0.015359
 0.014627
 0.013878
 0.014614
 0.011657
 0.013826
 0.013689
 0.009384
 0.014662
 0.015513
 0.010063
 0.015201
 0.012526
 0.014684
 0.014497
 0.010842
 0.012038
 0.015680
 0.010449
 0.015235
 0.015091
 0.014111
 0.014348
 0.015320
 0.011148
 0.015262
 0.012874
 0.014127
 0.015176
 0.014108
 0.015731
 0.014493
 0.016083
 0.013219
 0.014637
 0.015314
 0.014867
 0.015516
 0.012336
 0.014753
 0.014013
 0.013922
 0.010610
 0.013064
 0.010154
 0.012698
 0.013686
 0.014432
 0.014320
 0.009673
 0.013320
 0.013937
 0.008736
 0.011716
 0.012550
 0.010676
 0.014326
 0.010874
 0.009968
 0.013097
 0.014054
 0.008833
 0.012433
 0.013420
 0.013362
 0.009302
 0.012757
 0.013017
 0.013173
 0.016627
 0.014426
 0.012554
 0.013126
 0.009070
 0.014737
 0.012788
 0.013303
 0.014146
 0.013786
 0.011567
 0.010652
 0.012473
 0.013826
 0.014391
 0.013934
 0.008565
 0.011605
 0.010057
 0.013079
 0.014144
 0.014196
 0.013413
 0.012560
 0.014792
 0.011951
 0.013583
 0.010441
 0.013549
 0.010377
 0.012995
 0.012732
 0.010182
 0.012503
 0.022986
 0.013063
 0.014892
 0.015930
 0.017701
 0.015941
 0.016836
 0.017397
 0.015941
 0.014853
 0.015771
 0.015244
 0.013086
 0.015824
 0.015931
 0.016058
 0.014060
 0.015629
 0.015715
 0.011774
 0.014996
 0.014879
 0.016760
 0.015148
 0.016171
 0.019120
 0.015028
 0.015875
 0.010915
 0.014551
 0.016987
 0.020163
 0.018493
 0.014999
 0.015413
 0.013748
 0.016125
 0.016510
 0.011603
 0.012164
 0.017483
 0.013759
 0.017144
 0.008629
 0.019301
 0.012270
 0.019095
 0.015168
 0.015320
 0.013608
 0.017499
 0.015389
 0.014924
 0.015503
 0.014080
 0.016625
 0.014481
 0.013453
 0.019653
 0.014485
 0.013017
 0.010632
 0.015445
 0.013190
 0.014543
 0.009102
 0.014007
 0.009176
 0.011296
 0.012593
 0.014527
 0.011428
 0.016461
 0.014126
 0.012240
 0.014450
 0.012871
 0.014674
 0.009507
 0.014429
 0.014623
 0.015883
 0.014423
 0.014844
 0.015780
 0.010348
 0.013512
 0.012534
 0.012846
 0.012078
 0.011178
 0.008939
 0.011589
 0.013179
 0.015798
 0.013532
 0.014174
 0.014795
 0.012908
 0.012809
 0.014238
 0.014319
 0.015705
 0.018877
 0.015714
 0.016118
 0.015706
 0.015822
 0.016176
 0.012859
 0.014273
 0.017033
 0.011390
 0.015535
 0.016536
 0.019440
 0.014288
 0.014064
 0.015190
 0.015762
 0.013023
 0.015180
 0.015350
 0.015187
 0.030320
 0.014643
 0.011872
 0.016958
 0.015185
 0.017926
 0.017112
 0.020693
 0.016718
 0.018483
 0.016205
 0.016472
 0.018171
 0.016067
 0.017452
 0.014917
 0.012133
 0.013412
 0.014099
 0.012629
 0.016499
 0.015620
 0.015931
 0.019263
 0.009067
 0.014221
 0.014235
 0.016638
 0.015990
 0.015789
 0.016365
 0.014458
 0.013411
 0.016196
 0.015987
 0.015490
 0.018296
 0.016014
 0.014130
 0.016564
 0.017743
 0.015936
 0.016090
 0.015257
 0.015500
 0.011734
 0.015754
 0.014771
 0.014548
 0.014193
 0.014485
 0.012983
 0.014592
 0.016746
 0.016771
 0.016393
 0.016957
 0.014460
 0.016704
 0.013202
 0.015015
 0.016372
 0.018363
 0.016298
 0.017239
 0.020311
 0.022665
 0.015787
 0.017060
 0.013146
 0.016858
 0.017285
 0.016882
 0.016402
 0.017513
 0.016986
 0.017121
 0.018761
 0.017344
 0.017324
 0.016667
 0.011908
 0.016657
 0.015085
 0.014598
 0.008195
 0.016091
 0.011840
 0.014109
 0.017094
 0.014350
 0.015914
 0.015382
 0.008393
 0.012245
 0.013221
 0.016295
 0.009491
 0.008907
 0.012382
 0.014378
 0.013365
 0.012263
 0.013937
 0.011921
 0.017563
 0.013336
 0.013855
 0.010859
 0.018413
 0.017618
 0.017930
 0.017276
 0.014116
 0.015743
 0.014834
 0.012147
 0.017300
 0.015195
 0.016270
 0.012710
 0.018611
 0.018310
 0.017914
 0.017648
 0.017657
 0.016664
 0.016135
 0.013639
 0.021297
 0.015114
 0.019325
 0.016195
 0.019441
 0.015804
 0.018886
 0.017947
 0.016492
 0.018365
 0.018362
 0.017361
 0.017409
 0.014733
 0.015195
 0.016208
 0.016893
 0.016770
 0.016430
 0.016820
 0.017052
 0.011816
 0.016539
 0.012398
 0.016204
 0.017137
 0.016384
 0.015452
 0.020039
 0.015404
 0.015861
 0.016761
 0.016673
 0.014025
 0.016363
 0.016905
 0.017717
 0.011560
 0.016051
 0.016635
 0.016478
 0.014655
 0.017708
 0.009806
 0.011549
 0.011829
 0.012303
 0.012581
 0.018902
 0.010954
 0.014074
 0.011986
 0.008875
 0.008408
 0.014224
 0.005110
 0.022008
 0.013576
 0.012980
 0.015130
 0.012292
 0.013132
 0.014700
 0.014317
 0.010443
 0.013963
 0.013945
 0.014629
 0.015169
 0.014680
 0.015121
 0.013811
 0.014971
 0.012824
 0.012450
 0.008202
 0.009893
 0.011725
 0.014213
 0.018303
 0.013705
 0.014327
 0.014325
 0.011973
 0.014085
 0.014487
 0.013504
 0.016563
 0.009640
 0.014003
 0.014335
 0.014312
 0.014073
 0.015304
 0.016148
 0.015384
 0.013973
 0.013779
 0.012838
 0.014950
 0.014366
 0.010163
 0.013743
 0.014815
 0.014031
 0.016666
 0.014632
 0.016873
 0.009793
 0.010747
 0.013899
 0.013546
 0.013372
 0.010597
 0.013904
 0.013958
 0.013640
 0.016680
 0.014216
 0.013888
 0.012499
 0.012413
 0.010415
 0.012590
 0.014325
 0.016007
 0.014926
 0.016628
 0.013534
 0.015197
 0.013464
 0.014539
 0.014862
 0.013743
 0.013762
 0.016055
 0.014849
 0.015938
 0.014943
 0.015407
 0.013111
 0.015642
 0.015847
 0.015119
 0.015764
 0.012541
 0.015874
 0.015220
 0.015050
 0.015341
 0.011931
 0.013067
 0.017130
 0.014894
 0.017229
 0.015946
 0.016138
 0.016063
 0.014378
 0.016871
 0.017157
 0.014012
 0.012130
 0.016116
 0.013534
 0.015151
 0.014427
 0.019793
 0.008907
 0.012903
 0.015014
 0.013620
 0.016247
 0.013790
 0.012225
 0.014389
 0.013379
 0.013617
 0.009879
 0.013109
 0.011662
 0.013553
 0.015492
 0.014540
 0.013797
 0.013610
 0.008795
 0.012748
 0.015509
 0.015793
 0.012433
 0.014812
 0.012989
 0.014254
 0.011408
 0.014294
 0.016990
 0.019450
 0.017203
 0.016872
 0.016663
 0.010884
 0.012744
 0.017632
 0.013303
 0.016361
 0.011423
 0.017922
 0.007334
 0.007917
 0.018728
 0.015437
 0.011922
 0.016386
 0.015863
 0.014563
 0.015937
 0.017560
 0.014792
 0.015749
 0.017284
 0.016601
 0.018013
 0.017709
 0.015466
 0.018822
 0.014551
 0.017771
 0.016653
 0.011973
 0.015368
 0.013889
 0.010712
 0.010927
 0.011336
 0.010984
 0.007438
 0.010491
 0.010790
 0.012778
 0.010914
 0.009463
 0.011939
 0.010648
 0.013120
 0.010008
 0.006008
 0.012609
 0.008272
 0.010079
 0.012217
 0.010052
 0.010804
 0.014501
 0.014473
 0.016515
 0.015928
 0.016049
 0.017337
 0.016323
 0.015509
 0.012754
 0.014511
 0.016897
 0.014331
 0.014954
 0.019425
 0.016627
 0.016264
 0.014731
 0.015192
 0.016142
 0.015731
 0.016533
 0.015915
 0.017998
 0.016087
 0.017364
 0.017977
 0.018167
 0.017914
 0.015552
 0.016867
 0.016963
 0.018181
 0.018043
 0.017337
 0.017392
 0.019142
 0.015866
 0.014153
 0.018184
 0.017516
 0.016753
 0.017096
 0.014675
 0.017072
 0.016658
 0.015672
 0.017449
 0.017246
 0.017043
 0.018578
 0.017276
 0.012910
 0.018174
 0.015843
 0.014115
 0.016762
 0.017339
 0.017058
 0.014773
 0.016917
 0.019343
 0.015076
 0.018066
 0.012272
 0.016673
 0.016705
 0.014059
 0.018742
 0.014667
 0.016059
 0.009002
 0.008541
 0.011420
 0.011049
 0.011372
 0.008169
 0.007210
 0.010501
 0.011086
 0.010524
 0.011895
 0.013471
 0.010289
 0.012177
 0.012087
 0.008156
 0.027207
 0.012173
 0.014692
 0.020631
 0.018407
 0.014946
 0.018429
 0.016534
 0.013707
 0.012214
 0.016418
 0.016920
 0.019605
 0.015615
 0.018552
 0.019640
 0.018275
 0.019448
 0.019554
 0.020261
 0.019150
 0.016711
 0.019137
 0.015572
 0.016189
 0.013331
 0.015246
 0.015700
 0.016702
 0.013020
 0.016363
 0.016132
 0.015100
 0.018469
 0.015371
 0.017602
 0.018587
 0.012473
 0.018720
 0.013412
 0.011207
 0.016364
 0.015302
 0.015641
 0.014049
 0.016803
 0.011372
 0.015342
 0.015834
 0.016510
 0.018029
 0.012921
 0.018022
 0.015841
 0.014516
 0.014537
 0.016647
 0.011215
 0.013433
 0.014876
 0.015666
 0.012545
 0.014279
 0.014385
 0.013703
 0.013550
 0.020347
 0.015833
 0.012615
 0.012414
 0.017416
 0.011181
 0.015986
 0.016779
 0.006519
 0.011990
 0.016201
 0.010804
 0.016537
 0.015535
 0.011543
 0.015804
 0.017153
 0.015295
 0.015734
 0.017188
 0.014548
 0.016350
 0.016193
 0.016442
 0.016956
 0.016689
 0.014208
 0.012676
 0.011897
 0.013065
 0.009918
 0.014105
 0.015868
 0.008093
 0.013550
 0.015974
 0.014959
 0.012682
 0.015113
 0.015487
 0.009557
 0.010795
 0.011348
 0.013746
 0.016921
 0.011582
 0.009352
 0.016076
 0.013213
 0.013052
 0.012145
 0.008264
 0.012015
 0.012162
 0.011776
 0.011299
 0.017045
 0.013147
 0.012759
 0.013531
 0.010545
 0.013736
 0.010317
 0.014374
 0.013576
 0.014206
 0.011334
 0.012818
 0.015453
 0.013646
 0.012585
 0.013703
 0.015372
 0.010636
 0.013765
 0.013765
 0.014141
 0.012363
 0.015421
 0.017585
 0.016781
 0.020856
 0.016028
 0.016365
 0.011727
 0.020648
 0.018742
 0.018859
 0.017588
 0.018494
 0.014917
 0.016203
 0.019101
 0.021790
 0.019197
 0.018054
 0.018826
 0.019094
 0.019101
 0.017677
 0.014597
 0.013686
 0.013966
 0.020238
 0.012116
 0.015472
 0.015905
 0.012530
 0.017397
 0.013176
 0.013588
 0.011250
 0.019128
 0.017321
 0.016090
 0.017696
 0.015837
 0.013168
 0.016394
 0.015571
 0.014442
 0.010223
 0.014979
 0.014829
 0.010970
 0.014040
 0.016114
 0.015811
 0.017845
 0.017298
 0.011213
 0.016291
 0.016613
 0.015818
 0.014219
 0.012111
 0.016101
 0.022246
 0.009195
 0.010519
 0.013486
 0.013372
 0.014909
 0.011223
 0.014414
 0.014713
 0.012628
 0.012882
 0.018082
 0.013013
 0.013220
 0.013125
 0.016221
 0.012536
 0.014980
 0.015981
 0.012877
 0.013660
 0.017394
 0.017754
 0.017893
 0.018584
 0.018425
 0.017787
 0.020922
 0.018274
 0.017984
 0.017583
 0.018942
 0.015877
 0.018993
 0.017480
 0.016416
 0.016485
 0.017802
 0.016761
 0.016802
 0.015685
 0.015083
 0.014673
 0.016184
 0.014335
 0.015749
 0.014729
 0.015501
 0.014904
 0.015208
 0.015698
 0.013295
 0.014257
 0.014901
 0.015297
 0.015660
 0.015265
 0.015403
 0.014224
 0.014642
 0.012957
 0.013982
 0.010427
 0.014028
 0.013199
 0.013338
 0.014365
 0.017290
 0.014904
 0.014686
 0.011258
 0.016013
 0.020872
 0.013932
 0.013806
 0.011935
 0.013579
 0.010584
 0.013222
 0.013982
 0.012990
 0.010862
 0.013301
 0.015190
 0.016130
 0.011935
 0.010296
 0.019120
 0.014699
 0.015713
 0.015849
 0.012232
 0.013688
 0.014169
 0.010015
 0.022914
 0.011796
 0.016093
 0.013211
 0.014891
 0.010637
 0.014186
 0.014992
 0.015045
 0.012003
 0.012798
 0.015449
 0.012767
 0.018464
 0.013476
 0.015234
 0.014778
 0.014855
 0.014734
 0.013137
 0.014042
 0.013940
 0.015852
 0.013765
 0.016935
 0.011910
 0.017686
 0.015692
 0.018556
 0.015518
 0.016211
 0.018191
 0.013709
 0.014160
 0.011068
 0.015965
 0.023398
 0.015745
 0.014121
 0.019889
 0.011641
 0.019796
 0.013440
 0.020666
 0.013499
 0.020093
 0.016371
 0.016776
 0.016101
 0.014779
 0.018915
 0.015325
 0.015136
 0.017275
 0.014899
 0.016867
 0.015198
 0.015716
 0.014531
 0.016096
 0.014239
 0.013551
 0.015636
 0.015544
 0.010918
 0.018212
 0.014807
 0.009061
 0.013904
 0.014392
 0.014850
 0.015510
 0.012500
 0.012100
 0.013296
 0.015889
 0.007672
 0.013128
 0.013075
 0.014139
 0.015303
 0.014638
 0.012708
 0.015090
 0.014323
 0.012089
 0.011806
 0.015319
 0.013403
 0.011652
 0.014479
 0.013689
 0.013015
 0.015813
 0.013274
 0.015299
 0.010832
 0.013365
 0.014071
 0.014287
 0.013480
 0.012259
 0.013862
 0.012255
 0.012346
 0.014793
 0.010666
 0.008801
 0.010919
 0.014632
 0.012692
 0.013775
 0.013981
 0.012318
 0.013790
 0.012775
 0.012130
 0.014203
 0.014290
 0.012331
 0.013114
 0.008736
 0.008797
 0.014027
 0.012759
 0.016574
 0.016262
 0.014475
 0.015268
 0.012658
 0.013435
 0.014918
 0.011219
 0.016106
 0.015484
 0.010072
 0.012505
 0.011889
 0.018216
 0.014175
 0.015360
 0.015474
 0.024869
 0.016325
 0.016215
 0.011134
 0.016008
 0.015896
 0.011847
 0.016494
 0.012993
 0.015623
 0.012681
 0.015112
 0.015965
 0.013958
 0.013527
 0.016214
 0.017151
 0.015188
 0.014962
 0.015531
 0.014657
 0.014618
 0.014679
 0.014435
 0.012676
 0.014901
 0.015864
 0.015902
 0.014837
 0.012675
 0.014836
 0.014046
 0.013169
 0.013286
 0.014855
 0.013001
 0.010035
 0.015400
 0.015353
 0.012756
 0.015207
 0.016069
 0.022179
 0.017656
 0.016229
 0.018530
 0.016515
 0.017205
 0.021502
 0.012111
 0.017708
 0.017704
 0.016699
 0.015155
 0.017080
 0.014499
 0.016400
 0.018134
 0.013887
 0.015402
 0.015664
 0.018192
 0.017508
 0.015641
 0.012962
 0.015789
 0.017780
 0.018063
 0.018347
 0.014890
 0.018283
 0.015522
 0.019386
 0.017830
 0.018836
 0.018894
 0.015268
 0.014731
 0.013232
 0.014267
 0.014464
 0.009699
 0.014569
 0.014695
 0.014155
 0.015718
 0.014387
 0.013168
 0.015066
 0.016097
 0.009343
 0.009877
 0.015467
 0.011627
 0.013480
 0.013813
 0.016330
 0.016003
 0.014978
 0.015028
 0.012055
 0.014825
 0.015252
 0.016558
 0.010149
 0.010204
 0.008850
 0.013629
 0.013030
 0.012404
 0.010874
 0.012429
 0.009813
 0.007165
 0.011582
 0.012074
 0.008743
 0.012255
 0.010167
 0.012306
 0.011857
 0.011555
 0.011575
 0.011445
 0.012552
 0.012714
 0.007508
 0.011568
 0.009379
 0.010767
 0.009507
 0.012516
 0.007863
 0.012727
 0.023741
 0.007831
 0.013958
 0.012549
 0.014341
 0.013795
 0.013559
 0.013666
 0.013855
 0.012411
 0.012644
 0.008033
 0.009092
 0.014305
 0.011713
 0.009986
 0.009439
 0.005866
 0.009774
 0.007563
 0.009976
 0.008491
 0.009848
 0.006353
 0.009149
 0.011088
1465 frames decoded in toal.
