Configure resampler: libSwResample
 0.010962
 0.018989
 0.015397
 0.012398
 0.004552
 0.005916
 0.005146
 0.007115
 0.008957
 0.005978
 0.011877
 0.003977
 0.014590
 0.016452
 0.014469
 0.018841
 0.014675
 0.017498
 0.016122
 0.016786
 0.019323
 0.016625
 0.016039
 0.017255
 0.015741
 0.016660
 0.015747
 0.015637
 0.016771
 0.016598
 0.015761
 0.015784
 0.016398
 0.011356
 0.016031
 0.015195
 0.016594
 0.015562
 0.016118
 0.019650
 0.019580
 0.018261
 0.015818
 0.014308
 0.011427
 0.016194
 0.016276
 0.015923
 0.015563
 0.016520
 0.011578
 0.014204
 0.013529
 0.015675
 0.015971
 0.015170
 0.016194
 0.016046
 0.015054
 0.016831
 0.015374
 0.011925
 0.015482
 0.017796
 0.013695
 0.016612
 0.016495
 0.016592
 0.017688
 0.014079
 0.015794
 0.013236
 0.014863
 0.016330
 0.013757
 0.014727
 0.011512
 0.011312
 0.016383
 0.015488
 0.012342
 0.013871
 0.013226
 0.013862
 0.016040
 0.013085
 0.015422
 0.011856
 0.016496
 0.015194
 0.015151
 0.015681
 0.014688
 0.010223
 0.015773
 0.015685
 0.013212
 0.017881
 0.020729
 0.013926
 0.011860
 0.016666
 0.016292
 0.018576
 0.015729
 0.014061
 0.017748
 0.014775
 0.017055
 0.018434
 0.015889
 0.023002
 0.015616
 0.017214
 0.017439
 0.016019
 0.016590
 0.014647
 0.016307
 0.019550
 0.016970
 0.016733
 0.016829
 0.017379
 0.016665
 0.015385
 0.017131
 0.019240
 0.014490
 0.014369
 0.014297
 0.014182
 0.014442
 0.018394
 0.015521
 0.016586
 0.014902
 0.016102
 0.016158
 0.016174
 0.015379
 0.014482
 0.022690
 0.009632
 0.015895
 0.011695
 0.015109
 0.015869
 0.022281
 0.011125
 0.015347
 0.019198
 0.015168
 0.011223
 0.019432
 0.015686
 0.018765
 0.015585
 0.016956
 0.014750
 0.015343
 0.011203
 0.010445
 0.017749
 0.016005
 0.015774
 0.014812
 0.010730
 0.016145
 0.015527
 0.014895
 0.013535
 0.012335
 0.012682
 0.012508
 0.013445
 0.013692
 0.013628
 0.011732
 0.015669
 0.014294
 0.014441
 0.010295
 0.011728
 0.012813
 0.010060
 0.015632
 0.014513
 0.014742
 0.015103
 0.014920
 0.016225
 0.012608
 0.013494
 0.014627
 0.013972
 0.014824
 0.015272
 0.013729
 0.015863
 0.015964
 0.015854
 0.014571
 0.011806
 0.010549
 0.015743
 0.015040
 0.014938
 0.014824
 0.011114
 0.015050
 0.012678
 0.014821
 0.014938
 0.011799
 0.014939
 0.010796
 0.014174
 0.015916
 0.014521
 0.013716
 0.017570
 0.008797
 0.015807
 0.013192
 0.013311
 0.014859
 0.012467
 0.013297
 0.014823
 0.010500
 0.018539
 0.013544
 0.012711
 0.010842
 0.013575
 0.014267
 0.013946
 0.012807
 0.014712
 0.013039
 0.013587
 0.014165
 0.006854
 0.015284
 0.008065
 0.009588
 0.015353
 0.011524
 0.013019
 0.014963
 0.010009
 0.012084
 0.010884
 0.014295
 0.014594
 0.012565
 0.015646
 0.012640
 0.009030
 0.010426
 0.013694
 0.013327
 0.012934
 0.011700
 0.013782
 0.012427
 0.013212
 0.015296
 0.010877
 0.012230
 0.011624
 0.013173
 0.024626
 0.014696
 0.016433
 0.016708
 0.016454
 0.011983
 0.011901
 0.016443
 0.014849
 0.015753
 0.019214
 0.013308
 0.016766
 0.016774
 0.016571
 0.015129
 0.015579
 0.014792
 0.014185
 0.015135
 0.016268
 0.010985
 0.026176
 0.013135
 0.013931
 0.015596
 0.010152
 0.012241
 0.010656
 0.016675
 0.014892
 0.018387
 0.013693
 0.015208
 0.013640
 0.010940
 0.013278
 0.015842
 0.009542
 0.016664
 0.013154
 0.013809
 0.017291
 0.010876
 0.016434
 0.013442
 0.019072
 0.015747
 0.010828
 0.012745
 0.015181
 0.015513
 0.010417
 0.012168
 0.015015
 0.024725
 0.012842
 0.011828
 0.017114
 0.016303
 0.013466
 0.014873
 0.014566
 0.013219
 0.012797
 0.013985
 0.012912
 0.010906
 0.012729
 0.012755
 0.014847
 0.015586
 0.017187
 0.014584
 0.009609
 0.014546
 0.012241
 0.013614
 0.013200
 0.013858
 0.014143
 0.011755
 0.013131
 0.015081
 0.015058
 0.014569
 0.014351
 0.013843
 0.012917
 0.011795
 0.009985
 0.010328
 0.013974
 0.013417
 0.014636
 0.013416
 0.011373
 0.015216
 0.014257
 0.014027
 0.012545
 0.013516
 0.011899
 0.022376
 0.012816
 0.010475
 0.015933
 0.011807
 0.016329
 0.016252
 0.016127
 0.014591
 0.014812
 0.016849
 0.012556
 0.019165
 0.016076
 0.013985
 0.016335
 0.016102
 0.011159
 0.014966
 0.012241
 0.014374
 0.029552
 0.014651
 0.017080
 0.018881
 0.017465
 0.020298
 0.017193
 0.021707
 0.016959
 0.016736
 0.018216
 0.012205
 0.018093
 0.016860
 0.017130
 0.017928
 0.017412
 0.016609
 0.014683
 0.017279
 0.017022
 0.015570
 0.016801
 0.020760
 0.009656
 0.014622
 0.015554
 0.016045
 0.016297
 0.016436
 0.016558
 0.016694
 0.015965
 0.015342
 0.014991
 0.015085
 0.018840
 0.016504
 0.016131
 0.016703
 0.016671
 0.016549
 0.013220
 0.016216
 0.014987
 0.015317
 0.015470
 0.015024
 0.014634
 0.014414
 0.009777
 0.013146
 0.014581
 0.015815
 0.016342
 0.016832
 0.015668
 0.017300
 0.016298
 0.016280
 0.016948
 0.017094
 0.017058
 0.017031
 0.017778
 0.017234
 0.018011
 0.017248
 0.017013
 0.016756
 0.012814
 0.017307
 0.019504
 0.017980
 0.018080
 0.012272
 0.016833
 0.019900
 0.018415
 0.017154
 0.018027
 0.016218
 0.016590
 0.016311
 0.014664
 0.012824
 0.016004
 0.013263
 0.014229
 0.015672
 0.015324
 0.015834
 0.014772
 0.013140
 0.013395
 0.013620
 0.016074
 0.012771
 0.013389
 0.013376
 0.013200
 0.013564
 0.012785
 0.014412
 0.016431
 0.013218
 0.013971
 0.013271
 0.012840
 0.018468
 0.016709
 0.018241
 0.016948
 0.017419
 0.017325
 0.018447
 0.017796
 0.016798
 0.018217
 0.018430
 0.018140
 0.019102
 0.018321
 0.017921
 0.016610
 0.017568
 0.016183
 0.018698
 0.018248
 0.019015
 0.017109
 0.019173
 0.016717
 0.019342
 0.017015
 0.019317
 0.017461
 0.018145
 0.019769
 0.018578
 0.018290
 0.023511
 0.016647
 0.016580
 0.014804
 0.015574
 0.017627
 0.016857
 0.015889
 0.017331
 0.017350
 0.017202
 0.017266
 0.016968
 0.019713
 0.016595
 0.011732
 0.021308
 0.015132
 0.013572
 0.011994
 0.016283
 0.016600
 0.017019
 0.017806
 0.016373
 0.016554
 0.014792
 0.016439
 0.012186
 0.014821
 0.013917
 0.011544
 0.011597
 0.010907
 0.011172
 0.009969
 0.015323
 0.011113
 0.013033
 0.012916
 0.011396
 0.012572
 0.008423
 0.011090
 0.012978
 0.013527
 0.012799
 0.013239
 0.009935
 0.013570
 0.016695
 0.014635
 0.009540
 0.013367
 0.015333
 0.012483
 0.014420
 0.014324
 0.013052
 0.012558
 0.014344
 0.011399
 0.012082
 0.012392
 0.011469
 0.013727
 0.013625
 0.018726
 0.013072
 0.013455
 0.014354
 0.014652
 0.012616
 0.013531
 0.014816
 0.016099
 0.011165
 0.014580
 0.012894
 0.012643
 0.013702
 0.017466
 0.014173
 0.014314
 0.014802
 0.013561
 0.012170
 0.013773
 0.013645
 0.011245
 0.009769
 0.017559
 0.012204
 0.015682
 0.013603
 0.018812
 0.014508
 0.014965
 0.014487
 0.014048
 0.013349
 0.014964
 0.014732
 0.013671
 0.010954
 0.016478
 0.015000
 0.013186
 0.012539
 0.013987
 0.010490
 0.008394
 0.015318
 0.012681
 0.013247
 0.012370
 0.010425
 0.015147
 0.013084
 0.014824
 0.014596
 0.012872
 0.013969
 0.010679
 0.014888
 0.016162
 0.014803
 0.013334
 0.014979
 0.010567
 0.012242
 0.016900
 0.012857
 0.011502
 0.016153
 0.015181
 0.011893
 0.014326
 0.015097
 0.015259
 0.012638
 0.014779
 0.015101
 0.017312
 0.017293
 0.013178
 0.017060
 0.017609
 0.013905
 0.016525
 0.016910
 0.016384
 0.015234
 0.020630
 0.018956
 0.018923
 0.013064
 0.010548
 0.013825
 0.012831
 0.013078
 0.012793
 0.013939
 0.012489
 0.012804
 0.014966
 0.012896
 0.015364
 0.012061
 0.014219
 0.009602
 0.013225
 0.014784
 0.012819
 0.014247
 0.012742
 0.011771
 0.014829
 0.012144
 0.016359
 0.015547
 0.013572
 0.010339
 0.014520
 0.018586
 0.013897
 0.016941
 0.019661
 0.016869
 0.010672
 0.012401
 0.016621
 0.012036
 0.018237
 0.010072
 0.017836
 0.008373
 0.007357
 0.020758
 0.015963
 0.014716
 0.018494
 0.016603
 0.010660
 0.019177
 0.016689
 0.013428
 0.012241
 0.012933
 0.013054
 0.017204
 0.014624
 0.012836
 0.015029
 0.014094
 0.018231
 0.014655
 0.011054
 0.011264
 0.015098
 0.008868
 0.012099
 0.012417
 0.006187
 0.011668
 0.009547
 0.012360
 0.012201
 0.010982
 0.013039
 0.008940
 0.008662
 0.011902
 0.011952
 0.010649
 0.012422
 0.009535
 0.006601
 0.011602
 0.012815
 0.007421
 0.011666
 0.015636
 0.016724
 0.016027
 0.015444
 0.017845
 0.016932
 0.013143
 0.016196
 0.011269
 0.011608
 0.016142
 0.016888
 0.015974
 0.015999
 0.016614
 0.015925
 0.016383
 0.014432
 0.016712
 0.015988
 0.016032
 0.018296
 0.015670
 0.016717
 0.016075
 0.017397
 0.018015
 0.017825
 0.015835
 0.017450
 0.013125
 0.013486
 0.012432
 0.017216
 0.015533
 0.013928
 0.013958
 0.018279
 0.017914
 0.015184
 0.016411
 0.015829
 0.016736
 0.016938
 0.018104
 0.018763
 0.013119
 0.015571
 0.019807
 0.017562
 0.016772
 0.017237
 0.011733
 0.018473
 0.016327
 0.017622
 0.022155
 0.015392
 0.016032
 0.015801
 0.015707
 0.018494
 0.016524
 0.016585
 0.014648
 0.017160
 0.017596
 0.016781
 0.015512
 0.009947
 0.009842
 0.011132
 0.011639
 0.010544
 0.012596
 0.007741
 0.011743
 0.013997
 0.007000
 0.011935
 0.011681
 0.011171
 0.013103
 0.015138
 0.010812
 0.028057
 0.013310
 0.017472
 0.021015
 0.017064
 0.015034
 0.017834
 0.016140
 0.015485
 0.016649
 0.016670
 0.015688
 0.022012
 0.016412
 0.018650
 0.018213
 0.019542
 0.019721
 0.020472
 0.018259
 0.020409
 0.019795
 0.016170
 0.016691
 0.017124
 0.014125
 0.016458
 0.016842
 0.011555
 0.012760
 0.014577
 0.015949
 0.017527
 0.018202
 0.017812
 0.017722
 0.019463
 0.017316
 0.019754
 0.014614
 0.015558
 0.016423
 0.011662
 0.017980
 0.015511
 0.017677
 0.016356
 0.016486
 0.015897
 0.017113
 0.017673
 0.016757
 0.016674
 0.019443
 0.015589
 0.017761
 0.012534
 0.014244
 0.010558
 0.014356
 0.014877
 0.012685
 0.010907
 0.012330
 0.009386
 0.011361
 0.018190
 0.015564
 0.011114
 0.016088
 0.015140
 0.010602
 0.016579
 0.017571
 0.010997
 0.017650
 0.019083
 0.009949
 0.016458
 0.012478
 0.007425
 0.016562
 0.016462
 0.015226
 0.019592
 0.016275
 0.012169
 0.015774
 0.014706
 0.017846
 0.016986
 0.015111
 0.012909
 0.013739
 0.014674
 0.011054
 0.014039
 0.013263
 0.014955
 0.013795
 0.014210
 0.015834
 0.015750
 0.010201
 0.011778
 0.014159
 0.012343
 0.012130
 0.013622
 0.012274
 0.012708
 0.010633
 0.012713
 0.011166
 0.008658
 0.013616
 0.012656
 0.010069
 0.012959
 0.008586
 0.011393
 0.012240
 0.016648
 0.014496
 0.015262
 0.011684
 0.010312
 0.013109
 0.012117
 0.010557
 0.014064
 0.015164
 0.008602
 0.013234
 0.013445
 0.011840
 0.012962
 0.012907
 0.011062
 0.016742
 0.013578
 0.012111
 0.013830
 0.011258
 0.017390
 0.015303
 0.017083
 0.016178
 0.015190
 0.016294
 0.012659
 0.016695
 0.020267
 0.017741
 0.018481
 0.018479
 0.014598
 0.020766
 0.022134
 0.016255
 0.018179
 0.015984
 0.019024
 0.019491
 0.015757
 0.019179
 0.019920
 0.018096
 0.018991
 0.020275
 0.011354
 0.015131
 0.015795
 0.015995
 0.012907
 0.013549
 0.013917
 0.015168
 0.016708
 0.015954
 0.011437
 0.015980
 0.015390
 0.017159
 0.018227
 0.012944
 0.010719
 0.014479
 0.015442
 0.016744
 0.015650
 0.014117
 0.013669
 0.011623
 0.012561
 0.017283
 0.015676
 0.014953
 0.015146
 0.016095
 0.015336
 0.015704
 0.014683
 0.015991
 0.013433
 0.013567
 0.013806
 0.009773
 0.014279
 0.009330
 0.014797
 0.014750
 0.010735
 0.013456
 0.014275
 0.013680
 0.010823
 0.014089
 0.015707
 0.016842
 0.013787
 0.016609
 0.017467
 0.017117
 0.016888
 0.019167
 0.017699
 0.016671
 0.014563
 0.017407
 0.018022
 0.017487
 0.018376
 0.017304
 0.015252
 0.018001
 0.017064
 0.015190
 0.018794
 0.017813
 0.017405
 0.016993
 0.016953
 0.014614
 0.015150
 0.012320
 0.015641
 0.013165
 0.011904
 0.011358
 0.013594
 0.015061
 0.014425
 0.015243
 0.015247
 0.014353
 0.015062
 0.015175
 0.012360
 0.015391
 0.014601
 0.014958
 0.013536
 0.013622
 0.012558
 0.014124
 0.011017
 0.013306
 0.016811
 0.012998
 0.013630
 0.015584
 0.014951
 0.016384
 0.018096
 0.022213
 0.013680
 0.013064
 0.012953
 0.013396
 0.014974
 0.013135
 0.015674
 0.013075
 0.013254
 0.008851
 0.014000
 0.014345
 0.015180
 0.014423
 0.017524
 0.015079
 0.016090
 0.017038
 0.009220
 0.014123
 0.012599
 0.009247
 0.022875
 0.014421
 0.010413
 0.012030
 0.014726
 0.013179
 0.012589
 0.012674
 0.010690
 0.014404
 0.016063
 0.016709
 0.017849
 0.012544
 0.019109
 0.015531
 0.013548
 0.015207
 0.015949
 0.015399
 0.015324
 0.014785
 0.018090
 0.017700
 0.013724
 0.016892
 0.017068
 0.013748
 0.019316
 0.019748
 0.016321
 0.017053
 0.013760
 0.014902
 0.009638
 0.016715
 0.026511
 0.020106
 0.011945
 0.019800
 0.011385
 0.020238
 0.013455
 0.017868
 0.010450
 0.019913
 0.011641
 0.014912
 0.018235
 0.015044
 0.019518
 0.013051
 0.015464
 0.013874
 0.013474
 0.014761
 0.016724
 0.016349
 0.016239
 0.014071
 0.016459
 0.015163
 0.015559
 0.015986
 0.012122
 0.017023
 0.010744
 0.014552
 0.017548
 0.014958
 0.016525
 0.015206
 0.010914
 0.015192
 0.014075
 0.015968
 0.011915
 0.013241
 0.013784
 0.011375
 0.015795
 0.014621
 0.010287
 0.009510
 0.012739
 0.013190
 0.013446
 0.012735
 0.012047
 0.013392
 0.014675
 0.011782
 0.013720
 0.012406
 0.013120
 0.013305
 0.014163
 0.014134
 0.012753
 0.015405
 0.013526
 0.012000
 0.014476
 0.013256
 0.014258
 0.012417
 0.014599
 0.012178
 0.011066
 0.011485
 0.014414
 0.013779
 0.011466
 0.011838
 0.011642
 0.014301
 0.012215
 0.013159
 0.010655
 0.013801
 0.012480
 0.013963
 0.009702
 0.016806
 0.012185
 0.016579
 0.016357
 0.013204
 0.014450
 0.015924
 0.014759
 0.015335
 0.014989
 0.014481
 0.012246
 0.015414
 0.016751
 0.016327
 0.013856
 0.016710
 0.017099
 0.012732
 0.018765
 0.016124
 0.016194
 0.014883
 0.013203
 0.015943
 0.016531
 0.015712
 0.015937
 0.012554
 0.016648
 0.015138
 0.011685
 0.015190
 0.015168
 0.016372
 0.016264
 0.012753
 0.016889
 0.015689
 0.014890
 0.011176
 0.013818
 0.010638
 0.015036
 0.016698
 0.015318
 0.014872
 0.015785
 0.016176
 0.013834
 0.010744
 0.014478
 0.011033
 0.014776
 0.011885
 0.014657
 0.010936
 0.011210
 0.010826
 0.015860
 0.015345
 0.014049
 0.021324
 0.018366
 0.018385
 0.017699
 0.019957
 0.021646
 0.014453
 0.016840
 0.017137
 0.016752
 0.018303
 0.016313
 0.016309
 0.017051
 0.017124
 0.012661
 0.018331
 0.014029
 0.018599
 0.014451
 0.018410
 0.017212
 0.017256
 0.018270
 0.018960
 0.018676
 0.017576
 0.015582
 0.018641
 0.016516
 0.017018
 0.019497
 0.017935
 0.019820
 0.015491
 0.017412
 0.009067
 0.014283
 0.013931
 0.010560
 0.013332
 0.013794
 0.014903
 0.015832
 0.015951
 0.014403
 0.015936
 0.013855
 0.014865
 0.012891
 0.010621
 0.016827
 0.016735
 0.015232
 0.013182
 0.015880
 0.014938
 0.016165
 0.014863
 0.012159
 0.011653
 0.012511
 0.010215
 0.012156
 0.012325
 0.011974
 0.012407
 0.012927
 0.010424
 0.008174
 0.008143
 0.012738
 0.008649
 0.012403
 0.012085
 0.014609
 0.010507
 0.008651
 0.010912
 0.013705
 0.012528
 0.013339
 0.011978
 0.012891
 0.012190
 0.012454
 0.011744
 0.012500
 0.011488
 0.011053
 0.008661
 0.022192
 0.008332
 0.015506
 0.011993
 0.011823
 0.014293
 0.011744
 0.014096
 0.013563
 0.009646
 0.010120
 0.012215
 0.009949
 0.012549
 0.008545
 0.009462
 0.008146
 0.006811
 0.009622
 0.010217
 0.010250
 0.010269
 0.005501
 0.009796
 0.010118
 0.005794
1465 frames decoded in toal.
