Configure resampler: libSwResample
 0.017562
 0.029955
 0.011425
 0.007939
 0.008343
 0.009988
 0.006271
 0.015565
 0.010054
 0.004714
 0.011924
 0.012874
 0.003213
 0.011004
 0.006948
 0.009772
 0.010085
 0.008559
 0.010307
 0.011197
 0.012070
 0.007825
 0.012089
 0.011681
 0.007818
 0.021139
 0.013663
 0.010656
 0.013949
 0.015361
 0.015610
 0.015653
 0.010783
 0.011211
 0.019263
 0.019296
 0.015246
 0.018198
 0.016925
 0.020583
 0.017626
 0.020361
 0.019707
 0.012826
 0.019608
 0.014760
 0.017438
 0.021686
 0.015184
 0.017836
 0.019653
 0.017983
 0.013885
 0.020248
 0.018586
 0.015081
 0.016979
 0.017885
 0.016470
 0.017630
 0.014155
 0.016877
 0.015502
 0.037562
 0.017933
 0.019914
 0.014334
 0.018565
 0.014430
 0.011821
 0.021978
 0.015225
 0.016993
 0.021484
 0.017489
 0.013375
 0.014808
 0.012597
 0.016366
 0.021787
 0.017490
 0.012490
 0.019060
 0.017623
 0.016535
 0.017131
 0.017080
 0.017122
 0.018853
 0.017185
 0.017924
 0.010360
 0.015624
 0.015188
 0.014038
 0.016036
 0.015781
 0.014813
 0.016609
 0.021165
 0.014809
 0.014159
 0.011690
 0.014948
 0.014656
 0.016045
 0.014526
 0.012898
 0.016322
 0.013408
 0.013234
 0.015271
 0.016214
 0.016037
 0.014839
 0.015910
 0.015642
 0.015735
 0.015634
 0.013465
 0.011830
 0.012682
 0.016806
 0.019273
 0.012426
 0.015303
 0.016444
 0.016019
 0.011653
 0.014275
 0.016380
 0.013172
 0.015934
 0.014577
 0.018910
 0.016669
 0.013204
 0.015846
 0.015587
 0.015036
 0.013079
 0.014585
 0.013425
 0.015344
 0.014065
 0.023727
 0.012117
 0.014574
 0.015703
 0.020323
 0.015563
 0.011006
 0.015418
 0.014163
 0.014634
 0.018229
 0.013011
 0.010647
 0.012976
 0.015927
 0.015076
 0.017109
 0.011813
 0.013937
 0.017006
 0.015326
 0.012979
 0.014164
 0.014529
 0.015300
 0.018669
 0.016094
 0.013117
 0.015591
 0.014750
 0.012292
 0.014819
 0.011419
 0.014417
 0.019190
 0.015989
 0.014051
 0.016516
 0.014690
 0.013428
 0.017633
 0.014838
 0.012263
 0.015508
 0.012723
 0.013276
 0.017176
 0.013937
 0.014032
 0.017953
 0.009063
 0.013481
 0.015494
 0.014177
 0.009567
 0.016183
 0.013388
 0.011616
 0.013220
 0.012783
 0.013178
 0.018692
 0.021121
 0.017145
 0.018377
 0.019070
 0.017644
 0.017177
 0.019340
 0.018206
 0.018263
 0.018708
 0.018510
 0.017416
 0.018610
 0.016621
 0.019044
 0.018244
 0.018183
 0.018514
 0.018662
 0.018649
 0.021178
 0.019394
 0.014992
 0.017454
 0.016807
 0.017669
 0.018765
 0.018177
 0.016158
 0.019068
 0.014422
 0.017411
 0.016190
 0.016464
 0.016108
 0.015596
 0.013428
 0.016073
 0.017440
 0.016149
 0.015999
 0.016245
 0.016901
 0.018493
 0.018120
 0.018828
 0.013657
 0.019503
 0.022720
 0.019158
 0.017611
 0.018464
 0.018225
 0.017488
 0.016587
 0.016208
 0.018042
 0.015184
 0.015403
 0.014284
 0.014767
 0.014457
 0.014044
 0.013131
 0.013370
 0.013613
 0.013751
 0.012988
 0.013139
 0.013359
 0.013226
 0.012030
 0.012399
 0.011948
 0.013246
 0.012833
 0.013782
 0.014202
 0.010783
 0.009091
 0.013571
 0.010158
 0.014749
 0.012965
 0.015515
 0.015106
 0.016022
 0.012356
 0.016138
 0.014388
 0.013039
 0.015251
 0.010835
 0.016095
 0.016877
 0.011968
 0.010817
 0.016180
 0.013982
 0.014149
 0.015967
 0.013714
 0.013684
 0.011394
 0.009103
 0.010563
 0.013344
 0.014595
 0.015400
 0.013860
 0.012607
 0.020502
 0.016936
 0.016028
 0.015671
 0.017235
 0.015266
 0.014558
 0.017140
 0.015581
 0.015738
 0.018719
 0.012407
 0.015477
 0.016511
 0.015057
 0.015292
 0.016920
 0.012099
 0.015576
 0.012234
 0.015456
 0.014044
 0.016821
 0.014859
 0.011775
 0.019001
 0.015333
 0.011045
 0.016649
 0.010708
 0.014688
 0.015772
 0.015420
 0.015660
 0.015861
 0.015223
 0.016127
 0.013490
 0.014593
 0.015936
 0.012155
 0.019784
 0.013760
 0.009749
 0.014961
 0.014870
 0.015678
 0.016021
 0.019296
 0.013376
 0.012756
 0.013308
 0.015467
 0.013794
 0.011097
 0.016338
 0.013768
 0.008760
 0.008575
 0.007689
 0.010119
 0.015775
 0.016651
 0.018521
 0.009804
 0.018564
 0.014715
 0.013328
 0.014232
 0.014425
 0.018018
 0.016685
 0.016387
 0.017824
 0.018722
 0.015423
 0.019584
 0.016413
 0.016588
 0.019836
 0.019406
 0.018598
 0.018039
 0.016999
 0.018435
 0.017371
 0.019166
 0.016672
 0.018524
 0.018558
 0.019797
 0.019555
 0.015413
 0.018311
 0.014316
 0.017200
 0.012135
 0.017769
 0.017518
 0.018504
 0.018011
 0.018261
 0.017874
 0.012009
 0.017490
 0.015185
 0.015313
 0.012678
 0.016232
 0.016729
 0.016148
 0.011466
 0.014719
 0.015784
 0.017105
 0.018254
 0.015234
 0.016109
 0.014944
 0.016236
 0.011371
 0.015932
 0.012981
 0.013404
 0.013780
 0.011281
 0.016002
 0.011492
 0.015850
 0.012702
 0.014427
 0.014502
 0.016331
 0.015989
 0.013729
 0.016977
 0.015927
 0.018750
 0.015779
 0.018515
 0.020326
 0.017917
 0.016975
 0.018576
 0.013061
 0.020245
 0.016552
 0.018857
 0.016143
 0.016994
 0.018865
 0.016964
 0.015961
 0.018963
 0.015501
 0.016163
 0.017095
 0.017150
 0.017197
 0.013515
 0.014690
 0.012751
 0.016096
 0.014234
 0.015712
 0.017010
 0.015136
 0.013785
 0.015392
 0.015794
 0.012472
 0.011378
 0.016148
 0.015524
 0.012476
 0.011022
 0.017365
 0.013930
 0.015598
 0.014332
 0.016112
 0.012111
 0.024442
 0.017013
 0.015889
 0.015684
 0.015745
 0.014275
 0.014456
 0.018807
 0.014497
 0.012563
 0.012883
 0.013169
 0.014481
 0.015243
 0.014036
 0.014802
 0.016430
 0.014450
 0.015731
 0.012509
 0.015709
 0.018900
 0.014583
 0.015568
 0.016177
 0.015805
 0.015823
 0.014599
 0.018522
 0.016164
 0.015553
 0.019940
 0.016856
 0.013942
 0.018323
 0.013378
 0.015508
 0.016552
 0.013587
 0.014867
 0.013553
 0.013867
 0.010776
 0.014052
 0.011305
 0.010722
 0.012063
 0.006807
 0.008975
 0.015067
 0.014226
 0.018921
 0.013794
 0.020836
 0.015963
 0.019217
 0.024401
 0.014469
 0.016275
 0.030175
 0.020070
 0.018053
 0.025254
 0.019239
 0.024909
 0.024516
 0.017098
 0.019010
 0.018378
 0.015411
 0.021827
 0.017389
 0.012494
 0.021133
 0.014068
 0.023126
 0.017729
 0.015833
 0.015137
 0.013389
 0.012486
 0.017202
 0.014890
 0.017700
 0.015072
 0.014906
 0.016288
 0.014706
 0.015568
 0.015935
 0.014455
 0.015117
 0.011634
 0.014143
 0.013039
 0.014660
 0.013461
 0.013914
 0.012996
 0.025335
 0.025434
 0.009472
 0.014849
 0.013870
 0.014752
 0.013374
 0.013621
 0.012599
 0.013368
 0.013432
 0.014086
 0.013030
 0.014323
 0.010803
 0.019190
 0.017319
 0.015970
 0.011557
 0.013578
 0.013342
 0.013825
 0.009999
 0.012465
 0.012928
 0.015102
 0.017680
 0.019905
 0.014676
 0.019318
 0.012705
 0.017133
 0.017159
 0.016391
 0.012184
 0.018686
 0.015960
 0.016512
 0.016091
 0.017496
 0.015223
 0.016868
 0.017857
 0.015724
 0.012148
 0.018904
 0.017635
 0.014934
 0.017235
 0.014360
 0.015970
 0.016445
 0.014350
 0.014470
 0.013449
 0.020502
 0.020036
 0.012391
 0.014960
 0.019401
 0.014917
 0.015704
 0.016670
 0.010175
 0.014665
 0.016253
 0.009770
 0.014681
 0.014806
 0.012287
 0.011076
 0.016591
 0.014368
 0.012450
 0.019466
 0.013961
 0.014447
 0.015108
 0.013232
 0.011121
 0.015524
 0.015310
 0.014257
 0.016135
 0.012826
 0.014642
 0.015120
 0.010598
 0.014542
 0.013435
 0.015650
 0.015249
 0.015309
 0.009020
 0.016384
 0.012507
 0.013318
 0.012180
 0.014331
 0.015253
 0.016088
 0.013648
 0.010952
 0.018750
 0.013652
 0.012661
 0.012123
 0.015080
 0.014399
 0.016577
 0.014718
 0.014660
 0.017346
 0.012895
 0.018662
 0.017910
 0.019279
 0.014769
 0.013846
 0.016776
 0.021696
 0.015514
 0.011124
 0.021935
 0.011588
 0.018807
 0.015331
 0.023906
 0.016080
 0.023619
 0.017146
 0.024355
 0.016677
 0.016073
 0.020809
 0.016743
 0.016442
 0.015772
 0.014494
 0.015110
 0.018338
 0.017012
 0.015664
 0.016599
 0.013797
 0.014588
 0.016205
 0.015657
 0.017584
 0.017959
 0.013052
 0.014454
 0.020972
 0.018053
 0.021093
 0.015086
 0.021935
 0.020107
 0.020977
 0.016459
 0.020324
 0.019702
 0.020512
 0.019386
 0.018567
 0.019550
 0.017852
 0.014926
 0.018357
 0.019209
 0.014156
 0.016620
 0.018203
 0.015554
 0.018573
 0.016108
 0.019031
 0.021476
 0.016805
 0.017484
 0.013110
 0.016834
 0.017609
 0.014650
 0.015092
 0.014345
 0.014287
 0.017279
 0.017825
 0.015804
 0.012900
 0.007979
 0.011538
 0.008980
 0.011795
 0.011048
 0.019696
 0.015544
 0.022003
 0.017661
 0.016495
 0.026976
 0.014179
 0.018792
 0.029240
 0.011510
 0.014637
 0.020904
 0.015436
 0.012514
 0.023225
 0.016808
 0.016002
 0.014860
 0.015697
 0.014497
 0.017908
 0.016186
 0.014394
 0.014900
 0.012550
 0.016201
 0.016953
 0.015216
 0.014722
 0.010530
 0.012996
 0.020632
 0.020331
 0.014805
 0.018952
 0.015866
 0.017023
 0.018737
 0.019284
 0.019733
 0.013268
 0.018112
 0.014873
 0.016900
 0.022656
 0.018916
 0.019039
 0.020419
 0.017740
 0.016881
 0.018669
 0.017289
 0.018915
 0.017100
 0.015534
 0.013922
 0.019011
 0.019774
 0.030974
 0.021399
 0.019385
 0.015441
 0.020749
 0.019148
 0.019851
 0.020648
 0.018768
 0.020372
 0.020213
 0.014647
 0.020913
 0.023991
 0.012496
 0.014915
 0.024625
 0.018154
 0.018422
 0.014764
 0.019964
 0.013013
 0.019259
 0.016723
 0.014627
 0.015751
 0.018066
 0.018448
 0.015378
 0.019152
 0.014507
 0.016255
 0.016899
 0.014707
 0.014690
 0.015754
 0.014561
 0.014542
 0.018442
 0.015145
 0.015379
 0.018988
 0.019677
 0.017441
 0.020119
 0.014669
 0.015517
 0.018477
 0.019524
 0.016933
 0.019711
 0.017038
 0.019736
 0.018342
 0.018959
 0.019669
 0.016275
 0.019283
 0.013269
 0.017501
 0.023562
 0.019789
 0.034470
 0.017498
 0.019126
 0.015818
 0.017010
 0.018663
 0.015451
 0.016107
 0.016909
 0.015028
 0.017858
 0.017175
 0.014297
 0.009358
 0.017897
 0.015447
 0.014359
 0.015635
 0.014884
 0.014600
 0.015392
 0.014616
 0.015148
 0.014900
 0.015309
 0.014907
 0.022452
 0.020087
 0.015432
 0.016812
 0.018832
 0.015419
 0.015865
 0.017229
 0.016167
 0.016036
 0.016410
 0.016173
 0.014607
 0.015775
 0.014492
 0.018320
 0.012632
 0.013617
 0.030737
 0.014232
 0.013781
 0.014701
 0.013651
 0.013305
 0.014006
 0.013428
 0.013507
 0.012101
 0.012496
 0.012219
 0.012247
 0.012458
 0.013287
 0.016504
 0.012463
 0.012989
 0.012820
 0.008441
 0.011176
 0.025007
 0.019792
 0.016134
 0.018692
 0.017991
 0.020297
 0.018583
 0.018688
 0.021751
 0.014029
 0.019050
 0.019735
 0.016301
 0.014780
 0.018509
 0.019179
 0.019141
 0.016418
 0.019997
 0.018258
 0.019439
 0.017640
 0.019808
 0.019824
 0.020525
 0.017492
 0.018958
 0.017103
 0.017860
 0.018875
 0.019012
 0.018388
 0.018651
 0.018700
 0.017530
 0.017395
 0.018163
 0.017992
 0.014907
 0.016133
 0.018600
 0.016223
 0.016751
 0.016465
 0.009160
 0.018708
 0.016191
 0.015559
 0.017053
 0.015782
 0.016260
 0.014903
 0.014701
 0.016352
 0.017519
 0.012357
 0.015977
 0.016676
 0.016203
 0.015212
 0.016100
 0.016113
 0.016421
 0.016186
 0.012656
 0.026248
 0.017172
 0.016982
 0.021252
 0.013338
 0.019300
 0.016844
 0.016651
 0.021750
 0.016205
 0.028659
 0.012968
 0.013896
 0.014598
 0.014166
 0.015810
 0.010459
 0.015099
 0.017194
 0.018653
 0.016298
 0.017516
 0.015400
 0.017067
 0.012962
 0.017285
 0.006575
 0.016039
 0.006135
 0.008822
 0.009117
 0.008235
 0.009275
 0.009475
 0.007771
 0.007952
 0.011201
 0.010074
 0.010777
 0.012307
 0.012642
 0.012894
 0.012788
 0.014197
 0.013157
 0.013871
 0.009219
 0.013986
 0.014087
 0.012637
 0.014612
 0.010202
 0.015347
 0.014503
 0.015392
 0.013697
 0.015938
 0.016391
 0.015867
 0.014994
 0.015249
 0.011745
 0.016194
 0.015487
 0.018632
 0.015788
 0.015625
 0.015947
 0.015915
 0.013161
 0.015935
 0.015617
 0.010264
 0.014625
 0.014347
 0.014300
 0.015558
 0.014875
 0.014745
 0.013551
 0.015129
 0.015198
 0.016255
 0.011010
 0.016105
 0.015580
 0.015619
 0.015611
 0.013530
 0.014673
 0.015405
 0.015011
 0.016319
 0.015641
 0.016046
 0.017072
 0.014813
 0.014825
 0.016632
 0.016137
 0.011993
 0.015321
 0.016114
 0.016228
 0.015742
 0.015229
 0.016105
 0.011824
 0.011162
 0.015475
 0.015133
 0.014644
 0.012222
 0.014189
 0.016086
 0.015397
 0.015390
 0.012345
 0.014256
 0.014447
 0.015662
 0.011937
 0.011787
 0.005954
 0.007846
 0.008247
 0.010664
 0.008159
 0.011997
 0.012432
 0.013990
 0.010982
 0.008816
 0.012265
 0.014960
 0.015299
 0.014620
 0.012138
 0.011106
 0.015466
 0.013323
 0.014752
 0.013330
 0.009697
 0.014129
 0.011029
 0.010644
 0.009743
 0.014842
 0.014869
 0.015259
 0.015488
 0.012190
 0.011473
 0.013134
 0.016032
 0.012413
 0.012526
 0.016441
 0.015786
 0.013798
 0.013874
 0.013681
 0.015124
 0.013783
 0.015958
 0.015062
 0.015242
 0.015689
 0.014598
 0.013970
 0.013653
 0.011048
 0.014333
 0.014427
 0.018103
 0.015277
 0.012685
 0.009574
 0.015284
 0.014558
 0.014099
 0.012127
 0.009465
 0.016577
 0.012253
 0.012199
 0.013884
 0.011583
 0.014132
 0.015478
 0.013324
 0.013921
 0.013065
 0.014335
 0.013611
 0.012412
 0.012905
 0.012506
 0.014500
 0.013567
 0.011524
 0.014253
 0.010334
 0.012272
 0.013556
 0.013174
 0.013522
 0.014142
 0.014729
 0.013054
 0.015603
 0.014999
 0.013182
 0.015177
 0.014498
 0.015488
 0.012614
 0.011984
 0.014956
 0.014461
 0.014295
 0.015398
 0.011003
 0.015754
 0.015964
 0.015272
 0.014795
 0.011846
 0.014468
 0.015379
 0.015673
 0.013560
 0.011371
 0.012966
 0.015026
 0.016460
 0.015596
 0.014350
 0.015085
 0.015089
 0.015415
 0.013671
 0.010935
 0.014257
 0.012881
 0.013775
 0.011930
 0.008357
 0.012729
 0.007513
 0.019090
 0.019424
 0.011959
 0.022732
 0.014682
 0.020377
 0.015735
 0.023039
 0.015900
 0.020088
 0.020891
 0.020770
 0.022195
 0.019552
 0.017638
 0.018024
 0.018624
 0.017184
 0.018631
 0.012434
 0.016673
 0.016609
 0.010392
 0.024211
 0.015279
 0.011095
 0.014284
 0.028523
 0.016616
 0.015401
 0.010740
 0.021051
 0.015416
 0.011336
 0.018730
 0.015512
 0.015282
 0.020997
 0.015606
 0.015635
 0.018495
 0.015092
 0.010692
 0.017080
 0.015944
 0.010920
 0.011196
 0.015856
 0.016702
 0.017311
 0.015661
 0.016893
 0.016323
 0.016610
 0.017105
 0.012059
 0.013114
 0.016637
 0.016637
 0.014952
 0.015955
 0.015629
 0.012426
 0.011989
 0.013593
 0.012797
 0.015372
 0.015392
 0.013558
 0.012764
 0.016245
 0.016894
 0.017370
 0.016043
 0.017776
 0.016796
 0.016866
 0.014171
 0.016574
 0.015058
 0.013140
 0.021131
 0.016054
 0.015256
 0.012219
 0.017017
 0.016201
 0.012893
 0.019413
 0.016728
 0.015741
 0.016690
 0.016126
 0.015895
 0.012087
 0.017933
 0.016326
 0.014430
 0.011436
 0.012193
 0.014793
 0.016699
 0.012660
 0.027811
 0.016510
 0.015272
 0.013549
 0.015895
 0.017854
 0.012724
 0.016867
 0.016031
 0.020041
 0.014294
 0.017873
 0.014649
 0.017576
 0.014396
 0.018643
 0.014886
 0.018643
 0.013185
 0.018159
 0.014359
 0.017445
 0.015267
 0.016691
 0.013415
 0.019378
 0.016906
 0.012653
 0.013004
 0.017605
 0.015110
 0.018370
 0.014054
 0.014909
 0.015624
 0.015274
 0.016191
 0.015861
 0.019879
 0.011785
 0.023469
 0.017931
 0.015515
 0.017062
 0.019031
 0.015374
 0.011508
 0.019693
 0.016546
 0.017934
 0.016832
 0.012794
 0.013318
 0.018898
 0.013012
 0.016643
 0.015261
 0.013796
 0.016125
 0.016815
 0.019207
 0.018749
 0.014292
 0.017457
 0.018919
 0.019695
 0.021130
 0.019422
 0.019176
 0.019496
 0.016774
 0.018612
 0.018082
 0.019127
 0.017040
 0.019003
 0.018269
 0.020954
 0.019080
 0.018725
 0.018478
 0.018808
 0.029028
 0.016744
 0.010882
 0.018329
 0.016163
 0.013469
 0.014072
 0.018536
 0.013227
 0.018840
 0.009898
 0.018884
 0.010743
 0.018429
 0.016520
 0.018656
 0.014605
 0.020190
 0.015790
 0.017191
 0.015902
 0.016417
 0.016352
 0.018529
 0.016088
 0.018165
 0.015601
 0.017303
 0.015345
 0.016444
 0.013166
 0.018317
 0.015688
 0.013868
 0.013368
 0.015467
 0.014295
 0.012685
 0.015226
 0.013414
 0.013201
 0.014792
 0.013637
 0.013369
 0.015227
 0.014095
 0.013481
 0.015015
 0.013812
 0.015298
 0.018959
 0.015634
 0.017009
 0.017713
 0.015862
 0.015771
 0.017059
 0.014087
 0.015658
 0.013860
 0.014816
 0.013253
 0.012321
 0.012344
 0.012223
 0.009878
 0.014053
 0.014218
 0.015022
 0.016117
 0.015952
 0.014148
 0.016899
 0.016805
 0.018294
 0.018029
 0.016548
 0.017512
 0.024067
 0.023673
 0.017243
 0.016306
 0.017316
 0.015572
 0.016645
 0.015681
 0.016605
 0.016152
 0.014436
 0.022201
 0.015923
 0.015823
 0.015238
 0.017435
 0.015401
 0.014559
 0.017484
 0.010186
 0.014908
 0.015113
 0.012044
 0.011635
 0.009909
 0.015551
 0.016198
 0.015873
 0.013460
 0.011490
 0.011527
 0.015806
 0.015216
 0.012992
 0.015819
 0.011474
 0.015029
 0.014936
 0.015434
 0.009270
 0.017593
 0.017096
 0.016528
 0.017655
 0.012891
 0.018560
 0.017972
 0.011909
 0.016484
 0.018826
 0.016815
 0.016867
 0.015222
 0.016754
 0.013121
 0.014707
 0.017264
 0.012226
 0.016036
 0.012836
 0.017528
 0.017778
 0.014041
 0.016569
 0.016470
 0.016088
 0.014806
 0.016366
 0.012461
 0.023053
 0.018620
 0.016832
 0.021694
 0.015715
 0.022506
 0.015038
 0.016110
 0.016726
 0.021131
 0.015958
 0.019052
 0.015960
 0.020590
 0.015936
 0.019658
 0.011416
 0.017961
 0.014679
 0.015752
 0.017495
 0.014376
 0.014321
 0.015335
 0.020481
 0.015677
 0.014095
 0.015061
 0.015231
 0.014934
 0.010944
 0.014785
 0.014026
 0.014813
 0.014920
 0.012647
 0.013792
 0.011424
 0.016028
 0.014860
 0.012155
 0.016120
 0.016536
 0.016099
 0.015708
 0.016517
 0.015999
 0.016306
 0.012642
 0.016369
 0.011883
 0.019857
 0.016105
 0.016173
 0.016403
 0.016758
 0.012475
 0.013333
 0.016801
 0.010041
 0.011254
 0.023210
 0.020963
 0.011264
 0.022040
 0.015763
 0.020201
 0.017751
 0.021752
 0.016992
 0.020971
 0.016422
 0.021438
 0.016963
 0.016659
 0.014354
 0.018678
 0.017607
 0.018632
 0.013842
 0.019691
 0.016841
 0.017066
 0.016348
 0.016628
 0.014815
 0.018708
 0.016310
 0.018226
 0.019799
 0.014655
 0.013646
 0.016202
 0.017306
 0.016884
 0.020075
 0.016537
 0.015331
 0.015169
 0.016433
 0.015397
 0.026514
 0.019999
 0.020036
 0.019189
 0.019404
 0.019897
 0.019852
 0.019988
 0.022285
 0.019583
 0.023024
 0.018296
 0.024116
 0.017327
 0.018276
 0.018351
 0.020246
 0.021859
 0.020454
 0.017684
 0.015469
 0.025999
 0.015459
 0.015705
 0.022776
 0.017083
 0.016773
 0.016251
 0.021134
 0.017222
 0.021049
 0.014920
 0.020446
 0.016092
 0.021433
 0.017572
 0.020036
 0.017524
 0.018174
 0.015946
 0.022257
 0.018877
 0.013084
 0.017805
 0.019491
 0.012832
 0.015544
 0.018351
 0.018253
 0.015388
 0.014791
 0.016698
 0.018212
 0.012746
 0.017840
 0.015393
 0.017034
 0.019677
 0.013558
 0.012896
 0.015365
 0.016423
 0.016080
 0.013701
 0.013277
 0.015742
 0.016267
 0.012599
 0.013557
 0.017721
 0.023959
 0.016895
 0.018373
 0.019278
 0.020199
 0.020842
 0.019793
 0.018637
 0.018783
 0.017075
 0.016560
 0.013345
 0.018334
 0.021326
 0.022188
 0.015966
 0.018451
 0.017449
 0.020946
 0.017526
 0.023042
 0.013098
 0.019841
 0.018102
 0.022408
 0.015662
 0.020874
 0.016938
 0.017448
 0.016001
 0.019388
 0.014551
 0.018184
 0.012235
 0.024903
 0.014988
 0.014357
 0.014432
 0.019007
 0.013752
 0.011498
 0.017261
 0.018999
 0.015399
 0.014814
 0.011167
 0.015676
 0.015518
 0.015157
 0.015339
 0.014778
 0.012196
 0.015069
 0.012502
 0.018324
 0.017941
 0.015925
 0.018700
 0.014680
 0.018289
 0.015945
 0.015255
 0.013464
 0.015973
 0.014547
 0.021026
 0.020065
 0.021198
 0.017421
 0.019669
 0.019188
 0.019957
 0.019029
 0.018507
 0.018542
 0.016979
 0.015397
 0.017272
 0.013747
 0.017625
 0.017809
 0.013004
 0.016192
 0.017839
 0.017071
 0.016472
 0.015572
 0.012463
 0.015588
 0.014363
 0.017112
 0.015683
 0.015423
 0.015692
 0.015531
 0.014344
 0.013336
 0.014426
 0.015206
 0.009161
 0.016836
 0.015981
 0.015474
 0.012816
 0.010503
 0.016350
 0.017118
 0.009865
 0.017134
 0.008870
 0.011251
 0.009854
 0.014377
 0.007777
 0.019162
 0.021276
 0.023502
 0.018878
 0.019073
 0.013338
 0.018964
 0.020496
 0.017094
 0.020672
 0.022081
 0.019940
 0.020974
 0.024026
 0.020146
 0.020906
 0.023143
 0.022878
 0.023363
 0.024374
 0.019853
 0.023636
 0.021458
 0.016403
 0.018112
 0.015901
 0.019774
 0.018470
 0.019086
 0.016045
 0.017645
 0.014304
 0.019930
 0.013356
 0.015827
 0.012541
 0.019975
 0.017304
 0.017333
 0.012958
 0.016874
 0.019178
 0.016586
 0.019552
 0.017957
 0.020602
 0.018627
 0.021534
 0.020401
 0.021093
 0.017915
 0.019362
 0.020888
 0.019943
 0.021556
 0.017191
 0.020093
 0.023977
 0.015316
 0.021208
 0.016555
 0.010379
 0.013988
 0.014697
 0.009211
 0.020842
 0.011570
 0.013961
 0.017069
 0.014019
 0.013804
 0.015622
 0.011464
 0.013465
 0.016501
 0.013719
 0.011968
 0.017003
 0.014004
 0.013037
 0.020514
 0.013245
 0.009908
 0.017284
 0.014297
 0.012815
 0.017428
 0.010764
 0.013561
 0.016949
 0.013287
 0.013455
 0.017152
 0.010918
 0.013899
 0.018751
 0.013062
 0.014606
 0.014675
 0.013288
 0.014448
 0.014624
 0.013701
 0.013841
 0.011554
 0.014266
 0.012808
 0.015561
 0.013359
 0.014180
 0.015457
 0.014918
 0.014688
 0.009545
 0.014981
 0.014118
 0.022537
 0.012422
 0.012223
 0.008805
 0.011411
 0.013377
 0.013328
 0.007430
 0.012912
 0.014095
 0.021329
 0.015357
 0.009391
 0.010098
 0.010962
 0.011110
 0.014084
 0.013148
 0.010289
 0.014493
 0.015042
 0.014157
 0.013338
 0.018867
 0.013960
 0.014058
 0.014928
 0.013136
 0.014096
 0.015257
 0.014730
 0.014594
 0.016382
 0.014769
 0.012771
 0.014096
 0.012981
 0.012227
 0.017651
 0.013312
 0.009835
 0.014798
 0.012302
 0.013498
 0.014858
 0.013719
 0.011732
 0.014157
 0.012840
 0.012953
 0.013636
 0.014215
 0.012744
 0.017043
 0.013355
 0.014853
 0.016891
 0.008149
 0.015397
 0.015208
 0.014207
 0.013173
 0.014865
 0.012790
 0.013705
 0.014124
 0.012629
 0.013780
 0.017044
 0.012781
 0.013931
 0.010660
 0.011985
 0.012547
 0.014415
 0.012867
 0.013706
 0.013091
 0.013842
 0.013055
 0.013444
 0.013388
 0.013259
 0.010624
 0.010057
 0.014320
 0.007662
 0.013135
 0.012438
 0.026562
 0.009909
 0.012095
 0.013704
 0.012621
 0.013094
 0.011475
 0.011905
 0.012169
 0.011752
 0.012741
 0.014489
 0.022415
 0.010963
 0.012521
 0.011178
 0.012517
 0.008901
 0.011965
 0.012268
 0.011645
 0.012571
 0.011107
 0.012172
 0.019409
 0.012426
 0.016277
 0.008472
 0.012478
 0.011857
 0.011087
 0.010944
 0.010337
 0.010706
 0.010979
 0.010087
 0.026498
 0.018609
 0.015493
 0.017529
 0.016570
 0.033485
 0.019328
 0.010218
 0.015041
 0.016816
 0.016017
 0.015788
 0.021179
 0.015406
 0.014815
 0.020920
 0.016056
 0.011438
 0.019521
 0.014673
 0.021480
 0.013894
 0.016824
 0.014836
 0.011594
 0.020315
 0.016012
 0.015405
 0.020595
 0.015829
 0.016069
 0.007825
 0.010697
 0.009816
 0.010421
 0.011543
 0.012142
 0.008460
 0.012513
 0.012421
 0.009165
 0.008808
 0.010057
 0.009104
 0.011288
 0.011584
 0.009126
 0.011761
 0.009127
 0.006783
 0.011796
 0.011406
 0.006093
 0.012093
 0.012483
2209 frames decoded in toal.
