Configure resampler: libSwResample
 0.009410
 0.012987
 0.008694
 0.009743
 0.015255
 0.009485
 0.008738
 0.011021
 0.010725
 0.006328
 0.006029
 0.005195
 0.008149
 0.010117
 0.014039
 0.003745
 0.012312
 0.012471
 0.006409
 0.012285
 0.012658
 0.007495
 0.011291
 0.012434
 0.009545
 0.019406
 0.013275
 0.011530
 0.017864
 0.015810
 0.016214
 0.015575
 0.010808
 0.013924
 0.019262
 0.019783
 0.013792
 0.020244
 0.022181
 0.017242
 0.024675
 0.018328
 0.018087
 0.013235
 0.020090
 0.017857
 0.018395
 0.018329
 0.015789
 0.018263
 0.017589
 0.019089
 0.017867
 0.017039
 0.018105
 0.018532
 0.016477
 0.017842
 0.017649
 0.017813
 0.018033
 0.017548
 0.014539
 0.032225
 0.016957
 0.016911
 0.016347
 0.016753
 0.015747
 0.016723
 0.020424
 0.015648
 0.019059
 0.018749
 0.015067
 0.016808
 0.017914
 0.017705
 0.017848
 0.019159
 0.017449
 0.016691
 0.019355
 0.016294
 0.012772
 0.016526
 0.016253
 0.016686
 0.014518
 0.015792
 0.016165
 0.014790
 0.016598
 0.016777
 0.014152
 0.016430
 0.016096
 0.013643
 0.016529
 0.009915
 0.015356
 0.016148
 0.010893
 0.016968
 0.016149
 0.015648
 0.017483
 0.016319
 0.011496
 0.015938
 0.020081
 0.016649
 0.015616
 0.015180
 0.016855
 0.015359
 0.015504
 0.016743
 0.016756
 0.016870
 0.016352
 0.015346
 0.016199
 0.020031
 0.016004
 0.015836
 0.015208
 0.016670
 0.010257
 0.015973
 0.017477
 0.015325
 0.015989
 0.014692
 0.017458
 0.015823
 0.014652
 0.017064
 0.014646
 0.014451
 0.015316
 0.016161
 0.016504
 0.014644
 0.014424
 0.019991
 0.017848
 0.015504
 0.009955
 0.014406
 0.010924
 0.015546
 0.018679
 0.014389
 0.016362
 0.013718
 0.015035
 0.013240
 0.018789
 0.016566
 0.015516
 0.017557
 0.015679
 0.015964
 0.019227
 0.015307
 0.015223
 0.017771
 0.019520
 0.014466
 0.018315
 0.015639
 0.015280
 0.016987
 0.015410
 0.013655
 0.017988
 0.008505
 0.014868
 0.019191
 0.015508
 0.015500
 0.016464
 0.014656
 0.013637
 0.016954
 0.014703
 0.012582
 0.015210
 0.013798
 0.013316
 0.016030
 0.013661
 0.014171
 0.018064
 0.010282
 0.014375
 0.015901
 0.013187
 0.013340
 0.016011
 0.014231
 0.012996
 0.013219
 0.013731
 0.013335
 0.019433
 0.019877
 0.012877
 0.016263
 0.019464
 0.014590
 0.017508
 0.015899
 0.018607
 0.017344
 0.019766
 0.017245
 0.019194
 0.019096
 0.017526
 0.013462
 0.013534
 0.018227
 0.018592
 0.013349
 0.016702
 0.021215
 0.018657
 0.017475
 0.016720
 0.017561
 0.018121
 0.016759
 0.017469
 0.016460
 0.016390
 0.012702
 0.013852
 0.014165
 0.014116
 0.016834
 0.014898
 0.011767
 0.014630
 0.011469
 0.013816
 0.016591
 0.012293
 0.016304
 0.018272
 0.017502
 0.018579
 0.015846
 0.019344
 0.018325
 0.018717
 0.013403
 0.016743
 0.018237
 0.016847
 0.016112
 0.013048
 0.017338
 0.015728
 0.015992
 0.012338
 0.013591
 0.014434
 0.013748
 0.014152
 0.014194
 0.013891
 0.013204
 0.009243
 0.009531
 0.008862
 0.012766
 0.012488
 0.013238
 0.008220
 0.011817
 0.012582
 0.010823
 0.012216
 0.013075
 0.013323
 0.011629
 0.014266
 0.011913
 0.010141
 0.010729
 0.012845
 0.011774
 0.014046
 0.015054
 0.015475
 0.014851
 0.016384
 0.015716
 0.012308
 0.016952
 0.014213
 0.013930
 0.014423
 0.013264
 0.013271
 0.016022
 0.013073
 0.009972
 0.013574
 0.013550
 0.013969
 0.010998
 0.011579
 0.015177
 0.014311
 0.009453
 0.020343
 0.017347
 0.012876
 0.014222
 0.013757
 0.013666
 0.010754
 0.017625
 0.014413
 0.014608
 0.016547
 0.015936
 0.013860
 0.016429
 0.011456
 0.015801
 0.015560
 0.014951
 0.014716
 0.015236
 0.014520
 0.014849
 0.016781
 0.010490
 0.011755
 0.017433
 0.014624
 0.016619
 0.014881
 0.015589
 0.015470
 0.015485
 0.016152
 0.015548
 0.015844
 0.015579
 0.015429
 0.009488
 0.015061
 0.014416
 0.008842
 0.017266
 0.012600
 0.014019
 0.010891
 0.014591
 0.014202
 0.011693
 0.018969
 0.013960
 0.016156
 0.015114
 0.017103
 0.017281
 0.012115
 0.012113
 0.010859
 0.007583
 0.006733
 0.011408
 0.013755
 0.015430
 0.015353
 0.017717
 0.015198
 0.014455
 0.020070
 0.018136
 0.018651
 0.016963
 0.019429
 0.016787
 0.018962
 0.017146
 0.017026
 0.017134
 0.018204
 0.016460
 0.017909
 0.013386
 0.014504
 0.018630
 0.018521
 0.016574
 0.018467
 0.018228
 0.019198
 0.018876
 0.015433
 0.019796
 0.018211
 0.019065
 0.019170
 0.018215
 0.017295
 0.015185
 0.016262
 0.017810
 0.012944
 0.016423
 0.013877
 0.017605
 0.013122
 0.013801
 0.018282
 0.016114
 0.015218
 0.016534
 0.018912
 0.011525
 0.015221
 0.016218
 0.015907
 0.016628
 0.012147
 0.015043
 0.017090
 0.015973
 0.017521
 0.010631
 0.015129
 0.011711
 0.013636
 0.015345
 0.013876
 0.013364
 0.015368
 0.013693
 0.014185
 0.013776
 0.014411
 0.013650
 0.016426
 0.016792
 0.018312
 0.017490
 0.012669
 0.018887
 0.017270
 0.018562
 0.014484
 0.017797
 0.016934
 0.018358
 0.017421
 0.015615
 0.015672
 0.016941
 0.016809
 0.012028
 0.019627
 0.017510
 0.013477
 0.015367
 0.016686
 0.012671
 0.017208
 0.017152
 0.017311
 0.013967
 0.016102
 0.012867
 0.014360
 0.013614
 0.015915
 0.010923
 0.015489
 0.015655
 0.014868
 0.015650
 0.010382
 0.013039
 0.013046
 0.015330
 0.015000
 0.014626
 0.014306
 0.015792
 0.016782
 0.014656
 0.014708
 0.009540
 0.018728
 0.016376
 0.016130
 0.014495
 0.013686
 0.013977
 0.014877
 0.017095
 0.013904
 0.012871
 0.016152
 0.014077
 0.014566
 0.016815
 0.009832
 0.014060
 0.016647
 0.011671
 0.012417
 0.017134
 0.015552
 0.011034
 0.016653
 0.010466
 0.011530
 0.010297
 0.015499
 0.016206
 0.019031
 0.015201
 0.012597
 0.019296
 0.015431
 0.015852
 0.013414
 0.014710
 0.013525
 0.017209
 0.013480
 0.014203
 0.015694
 0.011468
 0.014903
 0.012102
 0.007869
 0.011713
 0.010627
 0.009154
 0.010910
 0.009989
 0.014883
 0.018364
 0.015308
 0.021445
 0.012189
 0.013181
 0.024317
 0.013830
 0.016656
 0.026444
 0.017149
 0.017343
 0.025715
 0.016739
 0.016230
 0.022221
 0.019124
 0.021217
 0.019002
 0.014372
 0.015929
 0.017019
 0.015269
 0.017220
 0.014006
 0.016120
 0.022246
 0.021173
 0.015153
 0.014346
 0.013589
 0.014795
 0.010640
 0.017971
 0.014205
 0.012075
 0.015881
 0.013687
 0.014865
 0.016119
 0.011643
 0.013050
 0.015984
 0.015578
 0.009977
 0.014768
 0.014608
 0.014265
 0.012006
 0.020044
 0.022524
 0.008343
 0.015386
 0.013402
 0.014062
 0.012313
 0.009648
 0.013827
 0.014666
 0.016320
 0.015060
 0.014173
 0.015381
 0.013773
 0.022753
 0.015053
 0.017499
 0.015595
 0.013610
 0.013483
 0.013849
 0.014892
 0.013809
 0.014590
 0.016818
 0.018404
 0.017574
 0.017109
 0.020293
 0.014116
 0.016767
 0.019411
 0.015551
 0.019091
 0.017332
 0.017395
 0.016664
 0.014904
 0.019112
 0.015242
 0.015065
 0.014672
 0.015250
 0.013732
 0.019441
 0.015259
 0.015881
 0.016984
 0.014177
 0.010543
 0.015435
 0.015218
 0.014113
 0.013573
 0.021177
 0.015985
 0.014046
 0.015195
 0.019448
 0.015335
 0.016065
 0.015459
 0.013527
 0.015195
 0.016419
 0.013237
 0.009224
 0.015789
 0.015676
 0.013562
 0.016181
 0.013181
 0.014329
 0.017951
 0.013659
 0.013685
 0.016234
 0.013639
 0.013571
 0.016226
 0.012085
 0.010542
 0.015592
 0.014868
 0.012873
 0.014228
 0.012120
 0.009582
 0.011979
 0.015290
 0.012724
 0.014351
 0.014589
 0.014659
 0.014344
 0.014364
 0.016079
 0.013107
 0.015263
 0.015870
 0.013906
 0.014156
 0.013549
 0.013390
 0.013965
 0.018791
 0.018833
 0.012753
 0.019555
 0.012688
 0.020092
 0.017157
 0.015184
 0.017747
 0.017389
 0.023219
 0.015600
 0.017068
 0.016343
 0.029981
 0.022379
 0.020472
 0.022767
 0.011271
 0.022684
 0.016716
 0.023166
 0.015389
 0.023853
 0.017793
 0.023091
 0.018140
 0.011874
 0.023020
 0.017531
 0.014527
 0.015675
 0.016297
 0.016356
 0.017906
 0.014594
 0.014800
 0.017872
 0.014990
 0.015189
 0.016728
 0.012938
 0.014111
 0.019463
 0.016382
 0.018031
 0.021439
 0.018769
 0.020870
 0.018136
 0.022043
 0.019280
 0.021630
 0.019607
 0.019572
 0.019750
 0.020674
 0.019862
 0.019473
 0.018317
 0.018851
 0.019558
 0.017928
 0.018646
 0.015860
 0.018569
 0.017739
 0.018671
 0.017353
 0.017357
 0.016672
 0.012806
 0.017785
 0.017541
 0.015670
 0.018146
 0.017939
 0.016611
 0.016527
 0.017883
 0.013558
 0.013931
 0.013864
 0.015170
 0.012929
 0.013688
 0.012105
 0.008113
 0.010104
 0.014147
 0.018617
 0.016527
 0.025722
 0.016000
 0.016274
 0.030855
 0.017081
 0.018292
 0.023918
 0.018686
 0.014692
 0.016916
 0.014775
 0.016731
 0.020503
 0.018705
 0.016084
 0.018686
 0.015444
 0.011966
 0.017608
 0.012354
 0.012301
 0.018916
 0.019114
 0.016058
 0.014631
 0.014425
 0.015091
 0.014177
 0.015435
 0.023356
 0.018654
 0.013463
 0.020209
 0.019046
 0.020772
 0.017742
 0.016558
 0.020537
 0.018341
 0.020197
 0.017018
 0.012912
 0.023085
 0.018875
 0.018639
 0.016680
 0.014136
 0.015249
 0.019252
 0.017186
 0.018889
 0.017468
 0.019911
 0.019094
 0.014901
 0.018855
 0.030583
 0.018703
 0.018022
 0.016640
 0.020617
 0.021909
 0.020070
 0.021027
 0.020274
 0.020612
 0.020910
 0.020673
 0.018518
 0.022345
 0.015341
 0.020845
 0.025518
 0.015802
 0.020612
 0.016674
 0.019523
 0.012508
 0.019000
 0.019535
 0.013516
 0.012958
 0.018042
 0.011854
 0.015722
 0.019091
 0.015125
 0.013645
 0.016274
 0.015124
 0.014733
 0.013043
 0.015411
 0.014804
 0.016098
 0.014678
 0.014919
 0.019909
 0.019480
 0.012841
 0.021039
 0.017520
 0.017648
 0.015812
 0.019957
 0.015583
 0.019626
 0.017891
 0.017500
 0.017519
 0.013700
 0.020140
 0.016146
 0.020085
 0.016606
 0.017671
 0.021543
 0.018441
 0.016692
 0.017311
 0.015456
 0.013114
 0.015058
 0.016836
 0.011961
 0.015756
 0.016459
 0.014503
 0.014647
 0.016414
 0.015183
 0.014473
 0.012926
 0.015075
 0.012319
 0.013787
 0.014644
 0.014327
 0.014445
 0.010446
 0.014539
 0.011774
 0.014966
 0.013055
 0.021957
 0.020336
 0.016195
 0.017500
 0.016857
 0.015146
 0.015673
 0.017723
 0.015613
 0.015906
 0.016152
 0.015530
 0.015137
 0.015646
 0.010540
 0.014235
 0.010573
 0.013982
 0.031293
 0.012678
 0.011841
 0.013691
 0.012781
 0.013247
 0.010237
 0.008984
 0.013564
 0.013369
 0.008041
 0.012245
 0.012760
 0.011338
 0.013057
 0.013779
 0.011701
 0.013077
 0.012246
 0.011897
 0.012452
 0.022226
 0.020500
 0.015920
 0.017467
 0.018197
 0.020293
 0.018126
 0.018493
 0.016365
 0.017127
 0.018855
 0.016093
 0.019813
 0.018633
 0.018946
 0.018661
 0.022800
 0.015950
 0.021555
 0.018484
 0.019596
 0.018409
 0.019782
 0.018361
 0.018144
 0.018331
 0.019634
 0.017752
 0.018797
 0.018099
 0.021322
 0.019544
 0.019111
 0.018199
 0.018202
 0.017087
 0.018606
 0.019295
 0.014846
 0.018382
 0.016990
 0.016692
 0.017066
 0.011858
 0.014891
 0.016231
 0.017258
 0.016258
 0.017732
 0.016341
 0.017221
 0.018277
 0.014548
 0.017089
 0.019153
 0.022243
 0.014875
 0.015120
 0.016958
 0.015274
 0.016222
 0.016238
 0.016336
 0.016658
 0.013870
 0.024823
 0.017550
 0.015952
 0.019287
 0.018011
 0.019697
 0.020082
 0.016139
 0.019695
 0.016900
 0.029865
 0.010303
 0.018239
 0.014376
 0.014156
 0.009909
 0.015238
 0.017912
 0.015550
 0.018749
 0.017159
 0.014470
 0.016714
 0.018644
 0.016152
 0.018192
 0.003579
 0.011881
 0.006478
 0.006750
 0.009820
 0.005195
 0.009320
 0.005356
 0.006865
 0.010454
 0.011825
 0.011945
 0.011830
 0.010703
 0.008106
 0.011631
 0.013300
 0.013532
 0.013458
 0.013025
 0.012961
 0.013906
 0.014631
 0.010380
 0.013102
 0.014960
 0.014539
 0.014723
 0.012855
 0.016314
 0.016131
 0.015602
 0.015615
 0.015250
 0.013609
 0.012134
 0.015455
 0.014788
 0.017653
 0.015857
 0.016500
 0.015624
 0.016446
 0.015288
 0.019234
 0.016162
 0.015517
 0.015201
 0.016133
 0.013857
 0.016306
 0.015711
 0.015818
 0.012588
 0.015767
 0.014209
 0.017760
 0.012631
 0.013218
 0.014321
 0.012631
 0.015752
 0.010304
 0.012781
 0.012514
 0.015124
 0.012697
 0.016153
 0.015561
 0.014434
 0.012437
 0.014481
 0.014622
 0.015113
 0.014446
 0.016228
 0.014562
 0.015479
 0.016522
 0.015516
 0.015612
 0.016608
 0.014798
 0.015080
 0.018230
 0.010404
 0.013251
 0.014655
 0.015211
 0.012656
 0.020612
 0.014240
 0.014448
 0.013506
 0.012997
 0.011054
 0.012496
 0.006749
 0.007769
 0.012674
 0.012331
 0.009872
 0.011030
 0.012131
 0.012369
 0.011029
 0.010160
 0.015269
 0.011177
 0.015480
 0.015290
 0.015457
 0.015330
 0.016222
 0.013134
 0.012957
 0.012137
 0.013828
 0.013395
 0.013894
 0.014897
 0.011633
 0.009968
 0.015823
 0.015881
 0.013212
 0.015819
 0.015729
 0.016114
 0.016244
 0.017558
 0.015966
 0.011670
 0.012298
 0.015929
 0.015403
 0.015436
 0.016066
 0.016173
 0.014813
 0.014337
 0.015511
 0.014515
 0.016711
 0.013366
 0.013373
 0.013124
 0.015024
 0.014616
 0.015007
 0.014455
 0.013341
 0.014080
 0.014271
 0.014316
 0.012411
 0.013512
 0.015976
 0.015297
 0.013041
 0.013596
 0.014131
 0.014354
 0.013573
 0.014117
 0.014200
 0.013629
 0.012857
 0.012348
 0.013893
 0.013920
 0.013439
 0.011974
 0.011745
 0.012680
 0.009790
 0.014588
 0.012458
 0.012877
 0.012573
 0.014053
 0.013307
 0.014058
 0.014633
 0.012420
 0.014625
 0.013885
 0.015018
 0.013693
 0.013986
 0.016358
 0.012452
 0.012339
 0.014538
 0.015319
 0.015558
 0.015139
 0.015275
 0.014524
 0.011114
 0.015109
 0.014824
 0.014061
 0.010411
 0.015520
 0.014814
 0.012246
 0.016526
 0.015815
 0.016038
 0.015538
 0.013902
 0.015655
 0.014567
 0.013870
 0.011891
 0.014238
 0.010395
 0.013376
 0.012696
 0.010565
 0.013304
 0.013341
 0.009889
 0.010650
 0.021851
 0.021556
 0.015105
 0.024824
 0.015298
 0.022036
 0.016031
 0.022372
 0.011960
 0.020653
 0.021390
 0.019737
 0.017371
 0.020309
 0.021333
 0.021368
 0.021846
 0.018140
 0.019526
 0.016430
 0.016262
 0.011768
 0.014344
 0.026855
 0.012370
 0.016042
 0.009860
 0.029630
 0.018488
 0.015550
 0.014816
 0.014459
 0.010933
 0.014674
 0.015391
 0.015768
 0.014913
 0.018854
 0.015504
 0.015621
 0.018537
 0.014893
 0.015740
 0.021863
 0.015206
 0.015581
 0.013260
 0.015273
 0.017198
 0.016817
 0.012377
 0.015661
 0.016712
 0.016916
 0.014369
 0.011772
 0.014357
 0.014418
 0.016071
 0.015623
 0.015986
 0.015103
 0.015885
 0.013544
 0.015559
 0.016032
 0.010450
 0.013420
 0.011335
 0.017212
 0.017971
 0.017833
 0.017540
 0.016653
 0.017757
 0.013827
 0.015575
 0.015651
 0.016873
 0.012275
 0.014930
 0.020449
 0.018252
 0.018475
 0.016437
 0.016972
 0.014573
 0.016466
 0.016998
 0.014065
 0.015948
 0.011808
 0.014355
 0.014870
 0.016491
 0.016265
 0.016182
 0.017043
 0.016242
 0.015637
 0.015887
 0.016713
 0.017127
 0.027215
 0.016278
 0.015269
 0.015757
 0.014772
 0.014601
 0.015681
 0.017529
 0.015820
 0.016090
 0.015817
 0.020754
 0.014930
 0.013178
 0.015508
 0.017836
 0.014763
 0.018230
 0.015499
 0.017950
 0.015878
 0.014889
 0.015109
 0.015836
 0.015714
 0.018994
 0.015333
 0.017548
 0.011998
 0.017351
 0.016383
 0.015559
 0.012672
 0.020658
 0.013796
 0.011146
 0.011172
 0.014381
 0.016637
 0.011351
 0.020441
 0.016367
 0.013549
 0.016135
 0.019062
 0.017134
 0.015785
 0.016926
 0.014103
 0.010973
 0.017175
 0.016765
 0.016456
 0.014572
 0.012541
 0.017372
 0.014896
 0.016413
 0.016334
 0.019219
 0.019192
 0.017071
 0.019448
 0.020754
 0.016872
 0.019678
 0.019436
 0.019062
 0.018666
 0.019091
 0.020755
 0.019262
 0.014372
 0.019476
 0.014340
 0.014717
 0.019698
 0.018551
 0.019256
 0.015961
 0.017161
 0.015970
 0.026808
 0.014103
 0.010510
 0.017860
 0.016397
 0.019090
 0.015656
 0.013986
 0.013579
 0.018707
 0.015662
 0.017867
 0.014388
 0.019264
 0.014386
 0.018620
 0.014255
 0.019707
 0.012149
 0.018376
 0.015803
 0.018345
 0.016025
 0.018128
 0.014963
 0.016834
 0.015131
 0.017106
 0.015797
 0.014647
 0.015751
 0.022992
 0.013380
 0.010628
 0.013866
 0.010510
 0.013606
 0.014464
 0.014966
 0.014142
 0.008786
 0.014484
 0.014548
 0.012981
 0.014908
 0.015853
 0.014351
 0.015017
 0.013240
 0.015106
 0.019370
 0.015780
 0.016689
 0.017851
 0.015906
 0.016399
 0.016294
 0.013968
 0.015341
 0.013851
 0.014871
 0.013927
 0.011965
 0.008572
 0.012611
 0.010955
 0.013615
 0.013790
 0.015916
 0.016308
 0.016916
 0.018848
 0.016808
 0.015253
 0.018665
 0.017284
 0.018572
 0.018211
 0.024584
 0.018846
 0.018671
 0.016142
 0.013613
 0.015414
 0.016903
 0.011857
 0.015833
 0.017016
 0.013849
 0.017336
 0.014963
 0.015415
 0.015640
 0.016282
 0.015945
 0.016095
 0.015901
 0.015114
 0.014517
 0.014294
 0.014447
 0.014768
 0.013547
 0.015722
 0.010706
 0.015749
 0.015485
 0.015289
 0.011178
 0.014868
 0.015591
 0.015308
 0.016110
 0.015447
 0.015333
 0.015185
 0.010931
 0.013558
 0.018187
 0.012120
 0.017228
 0.017777
 0.016986
 0.017801
 0.018214
 0.013343
 0.018123
 0.018734
 0.017189
 0.017240
 0.015785
 0.016401
 0.016089
 0.017017
 0.012621
 0.019124
 0.011730
 0.016573
 0.017149
 0.017105
 0.016479
 0.016251
 0.015504
 0.017403
 0.017160
 0.015166
 0.014848
 0.020159
 0.020660
 0.015808
 0.022038
 0.016289
 0.022907
 0.016676
 0.020595
 0.016481
 0.019239
 0.016583
 0.020238
 0.016443
 0.020757
 0.018115
 0.020723
 0.016682
 0.020110
 0.018663
 0.015107
 0.016815
 0.014304
 0.015227
 0.010932
 0.015291
 0.011879
 0.015957
 0.014222
 0.011921
 0.016133
 0.015050
 0.010599
 0.012987
 0.014893
 0.015051
 0.014311
 0.016246
 0.014123
 0.014524
 0.019782
 0.014940
 0.016575
 0.014951
 0.012079
 0.014830
 0.016230
 0.015826
 0.015973
 0.013661
 0.015062
 0.010987
 0.018560
 0.016424
 0.017104
 0.015679
 0.015720
 0.015856
 0.013737
 0.015070
 0.013561
 0.012967
 0.021567
 0.020368
 0.016225
 0.019186
 0.015065
 0.023285
 0.015082
 0.017239
 0.015143
 0.021482
 0.016582
 0.021012
 0.016418
 0.020401
 0.016246
 0.020077
 0.015995
 0.019733
 0.015628
 0.019227
 0.015982
 0.014345
 0.014953
 0.015293
 0.017342
 0.014226
 0.015205
 0.016266
 0.014781
 0.016436
 0.014691
 0.014365
 0.016339
 0.016610
 0.018789
 0.018536
 0.014686
 0.015408
 0.014607
 0.012018
 0.023237
 0.017958
 0.018182
 0.020303
 0.022997
 0.019365
 0.019984
 0.020321
 0.025156
 0.015983
 0.024129
 0.020543
 0.021181
 0.016824
 0.020012
 0.022843
 0.020378
 0.021730
 0.020449
 0.018414
 0.016547
 0.026618
 0.020236
 0.015819
 0.022274
 0.017502
 0.021091
 0.016085
 0.019319
 0.016813
 0.021024
 0.016903
 0.020144
 0.016146
 0.020002
 0.012193
 0.019182
 0.016512
 0.020554
 0.016931
 0.023116
 0.019003
 0.012517
 0.018815
 0.018772
 0.017616
 0.017802
 0.018475
 0.012719
 0.013311
 0.015215
 0.014604
 0.014881
 0.013601
 0.017231
 0.014636
 0.019312
 0.020780
 0.016062
 0.012741
 0.016058
 0.014828
 0.012573
 0.015407
 0.013339
 0.016154
 0.011705
 0.013342
 0.014449
 0.014838
 0.028021
 0.019763
 0.017730
 0.016862
 0.018913
 0.019025
 0.016667
 0.017405
 0.015412
 0.015124
 0.019764
 0.016307
 0.020550
 0.024746
 0.019391
 0.015865
 0.021929
 0.017405
 0.026988
 0.013491
 0.022176
 0.012860
 0.019247
 0.012063
 0.021895
 0.016860
 0.021143
 0.016446
 0.020986
 0.017226
 0.020234
 0.016191
 0.018552
 0.017102
 0.020603
 0.014995
 0.015466
 0.014781
 0.018144
 0.015085
 0.013869
 0.017212
 0.015290
 0.014180
 0.014858
 0.010212
 0.013736
 0.011583
 0.015474
 0.015178
 0.009869
 0.013976
 0.015087
 0.012182
 0.017617
 0.016057
 0.017559
 0.015680
 0.015396
 0.016802
 0.016020
 0.017270
 0.015337
 0.016988
 0.009616
 0.020599
 0.017460
 0.015723
 0.019770
 0.015042
 0.019770
 0.019541
 0.017539
 0.018080
 0.016078
 0.015452
 0.017054
 0.014870
 0.015775
 0.016331
 0.016973
 0.016148
 0.017139
 0.015806
 0.015964
 0.017007
 0.015858
 0.014324
 0.015664
 0.014726
 0.015382
 0.012589
 0.016352
 0.015181
 0.014513
 0.015156
 0.010237
 0.014230
 0.017840
 0.010973
 0.014680
 0.016952
 0.016980
 0.009423
 0.006905
 0.011956
 0.016919
 0.011575
 0.015635
 0.011098
 0.009949
 0.005674
 0.013630
 0.010051
 0.021159
 0.019995
 0.026432
 0.018753
 0.018667
 0.012997
 0.019541
 0.019572
 0.015137
 0.018857
 0.021479
 0.020017
 0.017718
 0.022739
 0.021152
 0.023184
 0.022698
 0.021447
 0.022771
 0.022264
 0.021801
 0.023619
 0.022043
 0.016605
 0.019898
 0.014283
 0.018840
 0.014926
 0.019463
 0.016321
 0.020351
 0.014343
 0.019031
 0.016422
 0.016790
 0.016531
 0.021318
 0.016373
 0.018386
 0.017309
 0.017261
 0.018700
 0.016370
 0.018789
 0.019679
 0.016768
 0.020537
 0.021376
 0.022428
 0.019360
 0.020328
 0.021128
 0.018475
 0.021416
 0.018914
 0.020618
 0.021661
 0.020493
 0.017887
 0.021252
 0.016528
 0.015317
 0.019413
 0.013456
 0.014358
 0.017273
 0.013264
 0.013886
 0.016887
 0.010416
 0.013901
 0.012200
 0.009648
 0.012246
 0.015537
 0.013149
 0.014832
 0.017364
 0.013925
 0.013989
 0.020296
 0.012989
 0.014528
 0.011314
 0.011064
 0.014013
 0.016285
 0.009936
 0.013896
 0.016232
 0.010978
 0.014253
 0.015653
 0.013203
 0.013645
 0.019516
 0.014139
 0.010806
 0.016335
 0.014328
 0.013533
 0.014273
 0.013988
 0.013262
 0.015687
 0.014423
 0.014650
 0.011761
 0.013492
 0.014542
 0.016773
 0.012875
 0.013512
 0.013142
 0.014700
 0.010402
 0.016958
 0.012939
 0.009153
 0.012111
 0.013865
 0.012569
 0.013654
 0.009402
 0.014305
 0.013399
 0.021063
 0.010951
 0.014496
 0.013977
 0.015065
 0.014390
 0.012948
 0.014875
 0.014007
 0.011344
 0.014446
 0.014296
 0.014372
 0.018591
 0.010184
 0.014485
 0.014732
 0.014529
 0.015019
 0.015651
 0.014027
 0.014708
 0.014199
 0.011315
 0.013844
 0.016863
 0.011745
 0.013347
 0.011934
 0.009171
 0.013260
 0.014868
 0.014053
 0.009901
 0.014026
 0.013119
 0.010210
 0.013081
 0.007904
 0.012045
 0.012081
 0.008956
 0.012795
 0.016875
 0.008676
 0.014447
 0.014118
 0.012896
 0.012798
 0.015442
 0.013360
 0.012747
 0.013872
 0.012585
 0.012906
 0.014441
 0.012678
 0.014151
 0.013353
 0.013825
 0.012535
 0.014448
 0.013545
 0.012934
 0.013628
 0.012491
 0.013004
 0.014094
 0.012819
 0.013147
 0.013329
 0.013405
 0.012570
 0.015705
 0.012799
 0.010993
 0.013260
 0.013717
 0.012769
 0.026976
 0.011753
 0.011485
 0.012018
 0.012690
 0.011829
 0.012587
 0.008250
 0.012047
 0.012726
 0.011771
 0.014711
 0.021737
 0.009914
 0.011897
 0.012584
 0.013151
 0.009678
 0.007060
 0.008913
 0.007558
 0.011472
 0.010015
 0.012208
 0.021245
 0.013807
 0.016628
 0.012102
 0.012383
 0.012506
 0.010802
 0.011302
 0.006118
 0.011300
 0.007642
 0.010322
 0.026205
 0.017415
 0.010961
 0.013303
 0.017887
 0.033452
 0.014796
 0.010569
 0.014969
 0.015481
 0.015307
 0.015477
 0.020893
 0.012914
 0.013752
 0.020966
 0.011010
 0.015726
 0.021226
 0.014573
 0.017782
 0.015406
 0.018771
 0.012872
 0.015057
 0.017996
 0.015662
 0.016341
 0.024268
 0.015010
 0.013726
 0.003667
 0.011085
 0.006616
 0.009319
 0.011668
 0.011719
 0.008984
 0.012381
 0.012447
 0.006370
 0.007355
 0.012371
 0.009889
 0.011852
 0.012783
 0.009039
 0.011732
 0.012766
 0.009365
 0.008698
 0.011265
 0.007816
 0.011550
 0.012043
2209 frames decoded in toal.
