Configure resampler: libSwResample
 0.039464
 0.019499
 0.022210
 0.002389
 0.008397
 0.007459
 0.005208
 0.009821
 0.013526
 0.004671
 0.012471
 0.010396
 0.009068
 0.011597
 0.010538
 0.006195
 0.009401
 0.012429
 0.010316
 0.011470
 0.012667
 0.008824
 0.011875
 0.011866
 0.007314
 0.023882
 0.018534
 0.015876
 0.015640
 0.016411
 0.014784
 0.015411
 0.010940
 0.015225
 0.022651
 0.019712
 0.014996
 0.018391
 0.017176
 0.017920
 0.020491
 0.015962
 0.017531
 0.018385
 0.029163
 0.017483
 0.017393
 0.017660
 0.019537
 0.018373
 0.019237
 0.018431
 0.018960
 0.020274
 0.018106
 0.018520
 0.021893
 0.017155
 0.017578
 0.019472
 0.017682
 0.017664
 0.015262
 0.035484
 0.020204
 0.015754
 0.016345
 0.018160
 0.010568
 0.009860
 0.016808
 0.015523
 0.017503
 0.020689
 0.016867
 0.017068
 0.020327
 0.015979
 0.014517
 0.019559
 0.016378
 0.018023
 0.016883
 0.018301
 0.017791
 0.018694
 0.017978
 0.016803
 0.019173
 0.018462
 0.016394
 0.014441
 0.016332
 0.017024
 0.014167
 0.017728
 0.011086
 0.016436
 0.016282
 0.015730
 0.016729
 0.013904
 0.015693
 0.017174
 0.012477
 0.014545
 0.012714
 0.016351
 0.016617
 0.016652
 0.010876
 0.016971
 0.015767
 0.016554
 0.013979
 0.016025
 0.016749
 0.015170
 0.014687
 0.017959
 0.015525
 0.015768
 0.016904
 0.020188
 0.015972
 0.012138
 0.012071
 0.016966
 0.016835
 0.014224
 0.014506
 0.016360
 0.015009
 0.015348
 0.016608
 0.016210
 0.016401
 0.011345
 0.011469
 0.014761
 0.015627
 0.015199
 0.013567
 0.014491
 0.014101
 0.025248
 0.017603
 0.014603
 0.012336
 0.019842
 0.012886
 0.012400
 0.018678
 0.013696
 0.014491
 0.018321
 0.015061
 0.010004
 0.017510
 0.015990
 0.015900
 0.016748
 0.017271
 0.015047
 0.020201
 0.016312
 0.014926
 0.017551
 0.015505
 0.016860
 0.016160
 0.011426
 0.012408
 0.018257
 0.018665
 0.017765
 0.017365
 0.012135
 0.012745
 0.030275
 0.015787
 0.011570
 0.016305
 0.017467
 0.014236
 0.025453
 0.017373
 0.011876
 0.019970
 0.019428
 0.015754
 0.023105
 0.013674
 0.012798
 0.016490
 0.009456
 0.013205
 0.016613
 0.012802
 0.013101
 0.011890
 0.013751
 0.013134
 0.013394
 0.011793
 0.011329
 0.024863
 0.016193
 0.012832
 0.018510
 0.017629
 0.023755
 0.016666
 0.019451
 0.017166
 0.018564
 0.020069
 0.015700
 0.018922
 0.020534
 0.018428
 0.014300
 0.014324
 0.020012
 0.018554
 0.016455
 0.019023
 0.015443
 0.017155
 0.016517
 0.018616
 0.014761
 0.017608
 0.018178
 0.016968
 0.017167
 0.017798
 0.016612
 0.016034
 0.016792
 0.016731
 0.015408
 0.016134
 0.017258
 0.018265
 0.017434
 0.013251
 0.013714
 0.017825
 0.017355
 0.015038
 0.018525
 0.019382
 0.018559
 0.019412
 0.014898
 0.016170
 0.018363
 0.022246
 0.016235
 0.016054
 0.017319
 0.015511
 0.017288
 0.015341
 0.013361
 0.015932
 0.014850
 0.010729
 0.010283
 0.013858
 0.013234
 0.011128
 0.013995
 0.013530
 0.012954
 0.008689
 0.012067
 0.010177
 0.011204
 0.007669
 0.013903
 0.009811
 0.009873
 0.012790
 0.011442
 0.009197
 0.014609
 0.013078
 0.014494
 0.015495
 0.010480
 0.014289
 0.015333
 0.016139
 0.015789
 0.013296
 0.013862
 0.016679
 0.016274
 0.014076
 0.013235
 0.016625
 0.015081
 0.018003
 0.011843
 0.013569
 0.015405
 0.013730
 0.013534
 0.012480
 0.009096
 0.014589
 0.012817
 0.014587
 0.014230
 0.012208
 0.010031
 0.021502
 0.017768
 0.014256
 0.014796
 0.017650
 0.014965
 0.012828
 0.016827
 0.013719
 0.015745
 0.016789
 0.014215
 0.015046
 0.015952
 0.017168
 0.014183
 0.016370
 0.012486
 0.012372
 0.012614
 0.011703
 0.015309
 0.016397
 0.011405
 0.014091
 0.018187
 0.015524
 0.014261
 0.017139
 0.010711
 0.015216
 0.011382
 0.016082
 0.014991
 0.015343
 0.015476
 0.015249
 0.013006
 0.015023
 0.015379
 0.013089
 0.020591
 0.014904
 0.010597
 0.015369
 0.014484
 0.019976
 0.015048
 0.019019
 0.017684
 0.018325
 0.016561
 0.017785
 0.014471
 0.013118
 0.017598
 0.010861
 0.008248
 0.008527
 0.011453
 0.014678
 0.015177
 0.016519
 0.016203
 0.010168
 0.019395
 0.015859
 0.016403
 0.019195
 0.016800
 0.016074
 0.017141
 0.018343
 0.017507
 0.014769
 0.013435
 0.016565
 0.014531
 0.018152
 0.019170
 0.018359
 0.017685
 0.019738
 0.019871
 0.019204
 0.014663
 0.018452
 0.018279
 0.013973
 0.014980
 0.016790
 0.019082
 0.017713
 0.013452
 0.019890
 0.017446
 0.018148
 0.015337
 0.015552
 0.017647
 0.014080
 0.016124
 0.017654
 0.013594
 0.018857
 0.015324
 0.011760
 0.015581
 0.013645
 0.014849
 0.015008
 0.014613
 0.011672
 0.016072
 0.017213
 0.015389
 0.017587
 0.015791
 0.017076
 0.011362
 0.015827
 0.014045
 0.013575
 0.012611
 0.013502
 0.015073
 0.013900
 0.012580
 0.013821
 0.013045
 0.014308
 0.015918
 0.016501
 0.017254
 0.017641
 0.012487
 0.017286
 0.018289
 0.017465
 0.018466
 0.015967
 0.019198
 0.018623
 0.014793
 0.014867
 0.020575
 0.013684
 0.018175
 0.012760
 0.017128
 0.019348
 0.016629
 0.017230
 0.017578
 0.016447
 0.017297
 0.017589
 0.017735
 0.018687
 0.012163
 0.011066
 0.015036
 0.015875
 0.012112
 0.015776
 0.015668
 0.015808
 0.015120
 0.016005
 0.015545
 0.010951
 0.013367
 0.016872
 0.014330
 0.013253
 0.012731
 0.016666
 0.015599
 0.014957
 0.012178
 0.009731
 0.013231
 0.023387
 0.017198
 0.012414
 0.015527
 0.016538
 0.014396
 0.014720
 0.016557
 0.012310
 0.011135
 0.015637
 0.010100
 0.010126
 0.015775
 0.014632
 0.009886
 0.016576
 0.015103
 0.013277
 0.011669
 0.011368
 0.015044
 0.018946
 0.010985
 0.015409
 0.015434
 0.015610
 0.015750
 0.017284
 0.013227
 0.015958
 0.020038
 0.015642
 0.015713
 0.017047
 0.018381
 0.015272
 0.015893
 0.014562
 0.015419
 0.014895
 0.015942
 0.015421
 0.012069
 0.012807
 0.012339
 0.011285
 0.009865
 0.013809
 0.013015
 0.011010
 0.016946
 0.015340
 0.022629
 0.016347
 0.016296
 0.024698
 0.015918
 0.017666
 0.025860
 0.020556
 0.018375
 0.026245
 0.016214
 0.016480
 0.022592
 0.014293
 0.015572
 0.020909
 0.011708
 0.015359
 0.015593
 0.016294
 0.017163
 0.013727
 0.015993
 0.021134
 0.018003
 0.015015
 0.015104
 0.017257
 0.014742
 0.015020
 0.018619
 0.015106
 0.015291
 0.016835
 0.015121
 0.010329
 0.015370
 0.016798
 0.015556
 0.016528
 0.014910
 0.014281
 0.015874
 0.015087
 0.014873
 0.009098
 0.022347
 0.020287
 0.012646
 0.011102
 0.013443
 0.014340
 0.014522
 0.014071
 0.014236
 0.015799
 0.013427
 0.014422
 0.013627
 0.010573
 0.012372
 0.022826
 0.013780
 0.018926
 0.017300
 0.014091
 0.014015
 0.011029
 0.011768
 0.012727
 0.010281
 0.017550
 0.019109
 0.013231
 0.016970
 0.019086
 0.016880
 0.016912
 0.019298
 0.015166
 0.013753
 0.017962
 0.016530
 0.012341
 0.016416
 0.018652
 0.015850
 0.017318
 0.015842
 0.014321
 0.012546
 0.019545
 0.018132
 0.011980
 0.015893
 0.016339
 0.014839
 0.015506
 0.015340
 0.014636
 0.013073
 0.020037
 0.017031
 0.015749
 0.013930
 0.020512
 0.015389
 0.015844
 0.017759
 0.011487
 0.010549
 0.016198
 0.014115
 0.013783
 0.017134
 0.015406
 0.013483
 0.014675
 0.014289
 0.014346
 0.019813
 0.011091
 0.011197
 0.016250
 0.013948
 0.011330
 0.011095
 0.010308
 0.014415
 0.015670
 0.014414
 0.012567
 0.015094
 0.014280
 0.014349
 0.012363
 0.018695
 0.015877
 0.013278
 0.015708
 0.015040
 0.014359
 0.013366
 0.015424
 0.014486
 0.014624
 0.013260
 0.014683
 0.012790
 0.015577
 0.010026
 0.014617
 0.015266
 0.014314
 0.014272
 0.012942
 0.012539
 0.015110
 0.018192
 0.016674
 0.020184
 0.015671
 0.018324
 0.017236
 0.018240
 0.016366
 0.020125
 0.019749
 0.014005
 0.021270
 0.016899
 0.023510
 0.017557
 0.024313
 0.017929
 0.025319
 0.017056
 0.021876
 0.017318
 0.016798
 0.022693
 0.017416
 0.016476
 0.018730
 0.016186
 0.016533
 0.014414
 0.015650
 0.015195
 0.017122
 0.011788
 0.014508
 0.015841
 0.015960
 0.015703
 0.017541
 0.016896
 0.015207
 0.020412
 0.018195
 0.020686
 0.020008
 0.021535
 0.019304
 0.022247
 0.018313
 0.015891
 0.020529
 0.018120
 0.018994
 0.019149
 0.018830
 0.018900
 0.016754
 0.014923
 0.017010
 0.018059
 0.018046
 0.018106
 0.018773
 0.018730
 0.018248
 0.017304
 0.018288
 0.015529
 0.016808
 0.018866
 0.018696
 0.017433
 0.015230
 0.018260
 0.017047
 0.016491
 0.016068
 0.016330
 0.013097
 0.013329
 0.013732
 0.011112
 0.007211
 0.012005
 0.014444
 0.019707
 0.013798
 0.025051
 0.016400
 0.015681
 0.028439
 0.013155
 0.018760
 0.024758
 0.018561
 0.010845
 0.020225
 0.016842
 0.012949
 0.023294
 0.016740
 0.016602
 0.019616
 0.015998
 0.014119
 0.019608
 0.016522
 0.015059
 0.017559
 0.015192
 0.011978
 0.015781
 0.015948
 0.010647
 0.015105
 0.015468
 0.023223
 0.017828
 0.018696
 0.019382
 0.018930
 0.017745
 0.016739
 0.017930
 0.018366
 0.015358
 0.016306
 0.017714
 0.012243
 0.020337
 0.018045
 0.018117
 0.017049
 0.014841
 0.017755
 0.019640
 0.019619
 0.019125
 0.019823
 0.017092
 0.016214
 0.019247
 0.019435
 0.031282
 0.021679
 0.019303
 0.019247
 0.020983
 0.020585
 0.020204
 0.020371
 0.019429
 0.014618
 0.019628
 0.019993
 0.017337
 0.024165
 0.013535
 0.015541
 0.023183
 0.019204
 0.018887
 0.016081
 0.020986
 0.018211
 0.019878
 0.018946
 0.012882
 0.015222
 0.014762
 0.016171
 0.015979
 0.019141
 0.014904
 0.013791
 0.015885
 0.011107
 0.013697
 0.011095
 0.015308
 0.015633
 0.015084
 0.016149
 0.013303
 0.015709
 0.019746
 0.014775
 0.020699
 0.018226
 0.020729
 0.017873
 0.020223
 0.017368
 0.017524
 0.012340
 0.015859
 0.018301
 0.021193
 0.018190
 0.017375
 0.017243
 0.013170
 0.012912
 0.021885
 0.021123
 0.012876
 0.017463
 0.019110
 0.015647
 0.017370
 0.015042
 0.016083
 0.015877
 0.013481
 0.015235
 0.015402
 0.016609
 0.014845
 0.010000
 0.013635
 0.010942
 0.014941
 0.015978
 0.013661
 0.010180
 0.012866
 0.014391
 0.013163
 0.014593
 0.014434
 0.016790
 0.019683
 0.020668
 0.017056
 0.016360
 0.016466
 0.016637
 0.015596
 0.018218
 0.012604
 0.015491
 0.016754
 0.014516
 0.010936
 0.014031
 0.016148
 0.014997
 0.014155
 0.013322
 0.032243
 0.014663
 0.014621
 0.014590
 0.009930
 0.012849
 0.011570
 0.013455
 0.011776
 0.014098
 0.013978
 0.015628
 0.013407
 0.012223
 0.013947
 0.012262
 0.008680
 0.011446
 0.017218
 0.011915
 0.014787
 0.023334
 0.023217
 0.017078
 0.013358
 0.017869
 0.020537
 0.016836
 0.018948
 0.021246
 0.014586
 0.018444
 0.020577
 0.016308
 0.018403
 0.019525
 0.017795
 0.018923
 0.011085
 0.020682
 0.014274
 0.020085
 0.019121
 0.019925
 0.017132
 0.018861
 0.015416
 0.013968
 0.019424
 0.016944
 0.018424
 0.014861
 0.020505
 0.019033
 0.025200
 0.018009
 0.013349
 0.019403
 0.017363
 0.015519
 0.013149
 0.016606
 0.015793
 0.017508
 0.016442
 0.013801
 0.015838
 0.015753
 0.013215
 0.015427
 0.016036
 0.016068
 0.017406
 0.013957
 0.014311
 0.016521
 0.016871
 0.015842
 0.015982
 0.016293
 0.018258
 0.016408
 0.016174
 0.011714
 0.015663
 0.013638
 0.025691
 0.013467
 0.018579
 0.020840
 0.018246
 0.018480
 0.019182
 0.018221
 0.018533
 0.017536
 0.030640
 0.010015
 0.014607
 0.010951
 0.013290
 0.014654
 0.016640
 0.015819
 0.016826
 0.014449
 0.014474
 0.015532
 0.015360
 0.015211
 0.017472
 0.016833
 0.006491
 0.015339
 0.010900
 0.007821
 0.010575
 0.006239
 0.006366
 0.005831
 0.007363
 0.005694
 0.008081
 0.011152
 0.008007
 0.013374
 0.009916
 0.014211
 0.013507
 0.011615
 0.013481
 0.013241
 0.009333
 0.015017
 0.013754
 0.014313
 0.014331
 0.014656
 0.013971
 0.014722
 0.016401
 0.015625
 0.014614
 0.016996
 0.015714
 0.015479
 0.016326
 0.011367
 0.013433
 0.016595
 0.017190
 0.015595
 0.015227
 0.018602
 0.011939
 0.015219
 0.012335
 0.015547
 0.014775
 0.014969
 0.011972
 0.016160
 0.015614
 0.019156
 0.012246
 0.015436
 0.015924
 0.011997
 0.010832
 0.015170
 0.012239
 0.013414
 0.015169
 0.015536
 0.015384
 0.014772
 0.015736
 0.014150
 0.014183
 0.015964
 0.016769
 0.014369
 0.014652
 0.016287
 0.016268
 0.016280
 0.016540
 0.016647
 0.015699
 0.016180
 0.015270
 0.014790
 0.015820
 0.015979
 0.015068
 0.015468
 0.014745
 0.015301
 0.011421
 0.015427
 0.015253
 0.015290
 0.016461
 0.014852
 0.015574
 0.013971
 0.012951
 0.012175
 0.012753
 0.010633
 0.010511
 0.012602
 0.008007
 0.009656
 0.012221
 0.012314
 0.013014
 0.012772
 0.013639
 0.014064
 0.014862
 0.016835
 0.016034
 0.015430
 0.015161
 0.015472
 0.013660
 0.013447
 0.014405
 0.013435
 0.013809
 0.014175
 0.014559
 0.013754
 0.014853
 0.014917
 0.015792
 0.014816
 0.015500
 0.015848
 0.015198
 0.015458
 0.017377
 0.016038
 0.016170
 0.015572
 0.016406
 0.015277
 0.015989
 0.015195
 0.015620
 0.011727
 0.015821
 0.020388
 0.015775
 0.017256
 0.014913
 0.014662
 0.009204
 0.014604
 0.015731
 0.014539
 0.015349
 0.014309
 0.010005
 0.013710
 0.013987
 0.012457
 0.013662
 0.013658
 0.012292
 0.012384
 0.014843
 0.013946
 0.013627
 0.013826
 0.009777
 0.013435
 0.013459
 0.014064
 0.014003
 0.013608
 0.008432
 0.012643
 0.012333
 0.014192
 0.012363
 0.012714
 0.013262
 0.012998
 0.012211
 0.013011
 0.012997
 0.013956
 0.013805
 0.014165
 0.013474
 0.015924
 0.014903
 0.013542
 0.014172
 0.014027
 0.015809
 0.011757
 0.015543
 0.015072
 0.014746
 0.016438
 0.015501
 0.013333
 0.014940
 0.016163
 0.015098
 0.015490
 0.012573
 0.015107
 0.015342
 0.010478
 0.015950
 0.015595
 0.018396
 0.015694
 0.015186
 0.017230
 0.015682
 0.017655
 0.013908
 0.012211
 0.015160
 0.014964
 0.010271
 0.009984
 0.011556
 0.012891
 0.013201
 0.011147
 0.011828
 0.019604
 0.021315
 0.015833
 0.020330
 0.016250
 0.022957
 0.015164
 0.020229
 0.015704
 0.019649
 0.021385
 0.022330
 0.020679
 0.022330
 0.016905
 0.020467
 0.020359
 0.013361
 0.017605
 0.019182
 0.012466
 0.016451
 0.014894
 0.028318
 0.014744
 0.016779
 0.014240
 0.029417
 0.024658
 0.014477
 0.011389
 0.017166
 0.015179
 0.015149
 0.015661
 0.013059
 0.015644
 0.019404
 0.010282
 0.015113
 0.013528
 0.011263
 0.014049
 0.017399
 0.014662
 0.014914
 0.010831
 0.014867
 0.015302
 0.017322
 0.016167
 0.014713
 0.017061
 0.015039
 0.016095
 0.017213
 0.016470
 0.016764
 0.016849
 0.015157
 0.014735
 0.015413
 0.013949
 0.015481
 0.014299
 0.015887
 0.015863
 0.016116
 0.015716
 0.017539
 0.017231
 0.016268
 0.017536
 0.017424
 0.017476
 0.015701
 0.015763
 0.016453
 0.016137
 0.014557
 0.015614
 0.023374
 0.021805
 0.014323
 0.016718
 0.020329
 0.015464
 0.015654
 0.018290
 0.011201
 0.014987
 0.017136
 0.016927
 0.015911
 0.017002
 0.020810
 0.016536
 0.014439
 0.015130
 0.016943
 0.015477
 0.016656
 0.015541
 0.027605
 0.014446
 0.015416
 0.014908
 0.015710
 0.017785
 0.010640
 0.017349
 0.015005
 0.019255
 0.015146
 0.017534
 0.015555
 0.018861
 0.013160
 0.018359
 0.010993
 0.013172
 0.014533
 0.012824
 0.013215
 0.018087
 0.014761
 0.017234
 0.015895
 0.019384
 0.016599
 0.018509
 0.015469
 0.013274
 0.014098
 0.015850
 0.015861
 0.017385
 0.012177
 0.015977
 0.015762
 0.011213
 0.020355
 0.014530
 0.019490
 0.018814
 0.016903
 0.015273
 0.019405
 0.015614
 0.013271
 0.019199
 0.017337
 0.012868
 0.019210
 0.016412
 0.016612
 0.016203
 0.014845
 0.014369
 0.015556
 0.015692
 0.016442
 0.015546
 0.019142
 0.021007
 0.019570
 0.019666
 0.016115
 0.020508
 0.020718
 0.016518
 0.019296
 0.020188
 0.019297
 0.018499
 0.019092
 0.015862
 0.019025
 0.017184
 0.017739
 0.019079
 0.014260
 0.016863
 0.018822
 0.016804
 0.025010
 0.016241
 0.014420
 0.018976
 0.016071
 0.018116
 0.014592
 0.020299
 0.015940
 0.014297
 0.012053
 0.018573
 0.022773
 0.019089
 0.016175
 0.020502
 0.014319
 0.020732
 0.015834
 0.014665
 0.014340
 0.018227
 0.015131
 0.017109
 0.015617
 0.018189
 0.010821
 0.013212
 0.014868
 0.014606
 0.016477
 0.024477
 0.012626
 0.014179
 0.013604
 0.016235
 0.012618
 0.012919
 0.015361
 0.013911
 0.013849
 0.015983
 0.008983
 0.012676
 0.016153
 0.013459
 0.013182
 0.016274
 0.011552
 0.014141
 0.020090
 0.016503
 0.016722
 0.017824
 0.014855
 0.015554
 0.017047
 0.014176
 0.014705
 0.013858
 0.015174
 0.011800
 0.013209
 0.012592
 0.010298
 0.010320
 0.007760
 0.011025
 0.014661
 0.013562
 0.012654
 0.019900
 0.016180
 0.015809
 0.016464
 0.019214
 0.017649
 0.014672
 0.024266
 0.018558
 0.016981
 0.017982
 0.017989
 0.015129
 0.014914
 0.013798
 0.015631
 0.016888
 0.012152
 0.016937
 0.016051
 0.012127
 0.016279
 0.017840
 0.015367
 0.018415
 0.016342
 0.013029
 0.015276
 0.015188
 0.015231
 0.017025
 0.011720
 0.015662
 0.015881
 0.013616
 0.016598
 0.018254
 0.014477
 0.015578
 0.014527
 0.015009
 0.015868
 0.015424
 0.020730
 0.012138
 0.014227
 0.013804
 0.017202
 0.016565
 0.016723
 0.016688
 0.017487
 0.016963
 0.016048
 0.016886
 0.016893
 0.018149
 0.014840
 0.014765
 0.016396
 0.015423
 0.017994
 0.018212
 0.017185
 0.018368
 0.012447
 0.016219
 0.016209
 0.016720
 0.013688
 0.015567
 0.016700
 0.013908
 0.016545
 0.016507
 0.015592
 0.021523
 0.020750
 0.012515
 0.023596
 0.019087
 0.024614
 0.013994
 0.021435
 0.015215
 0.047020
 0.040530
 0.037636
 0.010004
 0.016840
 0.016365
 0.021108
 0.012315
 0.014843
 0.017006
 0.018585
 0.015684
 0.012736
 0.015220
 0.015438
 0.011638
 0.011985
 0.014242
 0.011733
 0.016772
 0.014328
 0.014976
 0.011965
 0.014944
 0.014951
 0.015260
 0.015451
 0.015404
 0.014786
 0.015364
 0.014514
 0.016284
 0.016501
 0.016963
 0.016655
 0.016328
 0.016341
 0.017602
 0.013123
 0.015550
 0.015370
 0.014288
 0.014345
 0.016088
 0.016213
 0.013230
 0.014536
 0.013448
 0.016159
 0.011678
 0.015800
 0.012552
 0.022931
 0.024606
 0.015597
 0.019307
 0.012187
 0.022776
 0.017329
 0.017605
 0.016500
 0.021213
 0.014549
 0.024449
 0.017094
 0.019942
 0.017013
 0.020771
 0.015649
 0.015835
 0.016822
 0.020846
 0.015615
 0.013118
 0.016365
 0.016097
 0.020377
 0.019427
 0.014606
 0.017403
 0.020673
 0.017094
 0.012805
 0.018461
 0.017657
 0.016007
 0.021034
 0.016791
 0.016556
 0.014638
 0.014253
 0.013489
 0.025077
 0.018567
 0.019310
 0.020126
 0.022498
 0.020218
 0.020562
 0.017650
 0.019684
 0.020313
 0.021717
 0.020549
 0.028611
 0.018611
 0.021146
 0.018743
 0.018883
 0.020090
 0.016173
 0.020155
 0.018540
 0.029220
 0.017590
 0.016272
 0.021810
 0.015060
 0.023159
 0.013133
 0.021388
 0.015308
 0.021589
 0.017105
 0.019191
 0.015691
 0.024302
 0.014512
 0.019667
 0.016278
 0.013480
 0.016166
 0.020500
 0.019436
 0.015181
 0.016814
 0.021487
 0.016222
 0.017666
 0.018976
 0.018519
 0.016481
 0.018640
 0.017107
 0.013465
 0.017962
 0.018457
 0.011620
 0.017036
 0.019060
 0.015698
 0.015680
 0.016566
 0.016344
 0.011747
 0.015602
 0.015567
 0.012585
 0.011625
 0.012458
 0.013671
 0.017125
 0.029951
 0.020282
 0.014632
 0.017443
 0.017767
 0.017196
 0.018630
 0.021371
 0.014922
 0.018682
 0.015176
 0.016845
 0.018770
 0.022266
 0.018367
 0.012967
 0.019691
 0.014874
 0.018177
 0.015043
 0.021860
 0.017752
 0.021002
 0.017264
 0.021892
 0.017695
 0.021887
 0.013534
 0.019153
 0.016848
 0.021201
 0.019320
 0.018928
 0.017596
 0.025373
 0.016848
 0.014513
 0.015248
 0.017229
 0.015259
 0.009993
 0.017340
 0.014797
 0.018406
 0.018148
 0.015168
 0.016107
 0.015210
 0.014898
 0.015297
 0.009751
 0.014786
 0.014174
 0.012444
 0.018118
 0.013457
 0.014957
 0.018059
 0.017310
 0.017986
 0.016700
 0.018748
 0.017613
 0.017003
 0.014599
 0.019904
 0.018399
 0.020811
 0.019414
 0.019555
 0.017815
 0.019906
 0.020534
 0.018967
 0.018044
 0.016463
 0.015252
 0.017504
 0.016830
 0.013029
 0.018159
 0.018051
 0.017427
 0.013353
 0.017020
 0.012196
 0.015228
 0.015683
 0.015247
 0.012918
 0.015118
 0.011680
 0.016472
 0.014609
 0.014832
 0.015113
 0.014109
 0.013385
 0.018262
 0.010982
 0.016364
 0.013549
 0.013399
 0.012046
 0.011209
 0.015942
 0.016722
 0.011222
 0.013359
 0.010496
 0.012261
 0.008826
 0.013996
 0.010470
 0.019770
 0.022274
 0.025075
 0.024763
 0.017842
 0.017004
 0.021035
 0.017527
 0.016162
 0.017755
 0.022009
 0.022157
 0.022905
 0.023479
 0.020254
 0.021091
 0.021044
 0.018755
 0.019718
 0.021837
 0.023400
 0.023305
 0.020496
 0.018125
 0.019867
 0.014584
 0.019967
 0.016229
 0.017151
 0.015719
 0.020247
 0.012017
 0.018531
 0.016881
 0.018582
 0.012562
 0.019352
 0.018107
 0.018202
 0.015378
 0.012151
 0.019253
 0.011644
 0.015431
 0.019683
 0.017224
 0.018127
 0.016729
 0.021558
 0.021056
 0.021893
 0.022816
 0.019824
 0.019384
 0.021104
 0.021152
 0.022041
 0.021944
 0.015706
 0.022410
 0.016184
 0.014472
 0.018095
 0.014625
 0.014110
 0.020228
 0.009390
 0.013152
 0.016389
 0.008830
 0.013481
 0.016533
 0.012983
 0.014130
 0.016893
 0.013299
 0.011515
 0.014671
 0.013697
 0.010245
 0.015675
 0.013785
 0.013579
 0.017069
 0.014287
 0.008826
 0.016256
 0.010065
 0.017340
 0.015427
 0.013723
 0.013361
 0.014768
 0.013305
 0.014043
 0.017829
 0.013719
 0.013552
 0.013004
 0.014477
 0.011941
 0.013742
 0.011426
 0.012114
 0.015780
 0.013901
 0.014280
 0.014769
 0.014228
 0.014254
 0.015109
 0.013700
 0.014434
 0.013165
 0.013708
 0.013833
 0.015486
 0.013105
 0.011245
 0.012548
 0.012751
 0.012456
 0.009782
 0.012219
 0.014045
 0.012596
 0.020334
 0.016128
 0.012650
 0.013764
 0.013678
 0.010560
 0.013093
 0.014421
 0.014049
 0.014039
 0.014677
 0.012171
 0.013824
 0.018041
 0.014775
 0.015806
 0.018616
 0.014740
 0.015390
 0.013829
 0.013274
 0.012718
 0.015312
 0.012039
 0.014006
 0.010583
 0.013075
 0.010103
 0.017922
 0.013678
 0.012768
 0.014322
 0.014527
 0.013697
 0.013393
 0.009506
 0.014083
 0.012275
 0.012541
 0.013472
 0.011728
 0.013758
 0.012973
 0.016720
 0.013384
 0.013985
 0.014443
 0.013634
 0.013667
 0.015884
 0.009658
 0.011420
 0.014387
 0.016057
 0.013511
 0.009737
 0.012565
 0.013094
 0.016395
 0.012762
 0.008849
 0.014095
 0.012573
 0.009464
 0.013913
 0.013300
 0.008728
 0.012541
 0.010473
 0.009447
 0.012379
 0.011339
 0.012545
 0.012259
 0.012591
 0.014017
 0.012413
 0.013887
 0.013451
 0.024198
 0.012100
 0.012052
 0.011339
 0.012623
 0.011938
 0.012475
 0.012361
 0.011300
 0.012011
 0.012600
 0.013617
 0.022759
 0.009733
 0.012447
 0.012779
 0.009058
 0.011586
 0.012713
 0.012508
 0.012406
 0.011715
 0.010355
 0.006581
 0.016720
 0.010911
 0.013781
 0.012000
 0.009527
 0.011075
 0.012169
 0.012269
 0.010638
 0.011428
 0.011703
 0.011241
 0.022529
 0.016741
 0.016712
 0.016358
 0.012929
 0.029715
 0.018675
 0.016522
 0.010319
 0.018621
 0.015180
 0.012791
 0.021684
 0.015766
 0.015363
 0.017058
 0.015704
 0.016854
 0.017127
 0.010434
 0.021741
 0.015518
 0.019458
 0.016145
 0.013664
 0.018033
 0.014421
 0.015099
 0.020816
 0.014970
 0.013131
 0.007098
 0.006941
 0.008976
 0.009442
 0.011537
 0.011577
 0.009126
 0.012124
 0.011997
 0.006478
 0.012094
 0.012650
 0.008961
 0.012246
 0.010630
 0.007599
 0.012317
 0.013781
 0.009677
 0.011603
 0.011179
 0.010043
 0.010769
 0.007736
2209 frames decoded in toal.
