Configure resampler: libSwResample
 0.011332
 0.006358
 0.024221
 0.007714
 0.020013
 0.006090
 0.005878
 0.008267
 0.015513
 0.011049
 0.015872
 0.006256
 0.004200
 0.011396
 0.013863
 0.007012
 0.012569
 0.011166
 0.004792
 0.014167
 0.007142
 0.009258
 0.013883
 0.010263
 0.011004
 0.022699
 0.015465
 0.017247
 0.020446
 0.015907
 0.015480
 0.019862
 0.015100
 0.015520
 0.022801
 0.019421
 0.016381
 0.017315
 0.016071
 0.017640
 0.019074
 0.020334
 0.022498
 0.012859
 0.019859
 0.019865
 0.014274
 0.017534
 0.020230
 0.018507
 0.023191
 0.018544
 0.018320
 0.020481
 0.016664
 0.017772
 0.018918
 0.020727
 0.017959
 0.018006
 0.021734
 0.017092
 0.012023
 0.042210
 0.020316
 0.018675
 0.017988
 0.017710
 0.019100
 0.015721
 0.020786
 0.018120
 0.017168
 0.021579
 0.020161
 0.017739
 0.015643
 0.017303
 0.017428
 0.020997
 0.018878
 0.016528
 0.019133
 0.019090
 0.017050
 0.016884
 0.020900
 0.013083
 0.017132
 0.017268
 0.018176
 0.015663
 0.019043
 0.018289
 0.012721
 0.018621
 0.016772
 0.016763
 0.019422
 0.011565
 0.017247
 0.017831
 0.015846
 0.017391
 0.019261
 0.016572
 0.017746
 0.016856
 0.011588
 0.015514
 0.015164
 0.016306
 0.016344
 0.019243
 0.017695
 0.019023
 0.018878
 0.016442
 0.015280
 0.017774
 0.015821
 0.015363
 0.018343
 0.018794
 0.018643
 0.015320
 0.016517
 0.017258
 0.014966
 0.016636
 0.017293
 0.016108
 0.012183
 0.014610
 0.015074
 0.016646
 0.014666
 0.016972
 0.011820
 0.014859
 0.014685
 0.014602
 0.014795
 0.014445
 0.014546
 0.022630
 0.016633
 0.014544
 0.015990
 0.021587
 0.016423
 0.010444
 0.018618
 0.015436
 0.010820
 0.018552
 0.016259
 0.013479
 0.018755
 0.015373
 0.015853
 0.018337
 0.016045
 0.015545
 0.020137
 0.011694
 0.015249
 0.018849
 0.015192
 0.015607
 0.017409
 0.009306
 0.015579
 0.019086
 0.014984
 0.014765
 0.018872
 0.009430
 0.014360
 0.019265
 0.014743
 0.015253
 0.018562
 0.013870
 0.014555
 0.018147
 0.013807
 0.014173
 0.015740
 0.013662
 0.013998
 0.015950
 0.014160
 0.013912
 0.018553
 0.014963
 0.013574
 0.015730
 0.014759
 0.013896
 0.010533
 0.013596
 0.014365
 0.014813
 0.013660
 0.013226
 0.025899
 0.019308
 0.016968
 0.017478
 0.018077
 0.016844
 0.016934
 0.019791
 0.021246
 0.020860
 0.019623
 0.019114
 0.021965
 0.020399
 0.018326
 0.019709
 0.019780
 0.019154
 0.019260
 0.018454
 0.023736
 0.018575
 0.013779
 0.018419
 0.018944
 0.017912
 0.017923
 0.017545
 0.017433
 0.012027
 0.012924
 0.016530
 0.015769
 0.016476
 0.014658
 0.012186
 0.016678
 0.015875
 0.016099
 0.016800
 0.017092
 0.016346
 0.013173
 0.017246
 0.018087
 0.018040
 0.018085
 0.016235
 0.014570
 0.018361
 0.018084
 0.018046
 0.017236
 0.017925
 0.014704
 0.016910
 0.016942
 0.014762
 0.019217
 0.016346
 0.014638
 0.012512
 0.013638
 0.011582
 0.011970
 0.012012
 0.012150
 0.011610
 0.012684
 0.015083
 0.011534
 0.012563
 0.014296
 0.008908
 0.013989
 0.013706
 0.014445
 0.013781
 0.011999
 0.013056
 0.014142
 0.013783
 0.010237
 0.014283
 0.015321
 0.015030
 0.015031
 0.011101
 0.010313
 0.015561
 0.010958
 0.016683
 0.015924
 0.014842
 0.012136
 0.015967
 0.016081
 0.014036
 0.011902
 0.017175
 0.012554
 0.014907
 0.013224
 0.014048
 0.015865
 0.012424
 0.013260
 0.010485
 0.011374
 0.011606
 0.014929
 0.012212
 0.018278
 0.016760
 0.015390
 0.015413
 0.014727
 0.014990
 0.013078
 0.016822
 0.014932
 0.015153
 0.018712
 0.015378
 0.015563
 0.016477
 0.015264
 0.015486
 0.017574
 0.015068
 0.014086
 0.016566
 0.014703
 0.015175
 0.017005
 0.013206
 0.015636
 0.017895
 0.012571
 0.015518
 0.015024
 0.010246
 0.015710
 0.011924
 0.015758
 0.015009
 0.016089
 0.014962
 0.015623
 0.013457
 0.012889
 0.010117
 0.013477
 0.019616
 0.015802
 0.014438
 0.015162
 0.010679
 0.013424
 0.011207
 0.018621
 0.014107
 0.013929
 0.016218
 0.015489
 0.015499
 0.013913
 0.016153
 0.011242
 0.007848
 0.004324
 0.008886
 0.013366
 0.010801
 0.015927
 0.018084
 0.014334
 0.018756
 0.013976
 0.017500
 0.018473
 0.016864
 0.018487
 0.016853
 0.019413
 0.016674
 0.019097
 0.014995
 0.018567
 0.013794
 0.024559
 0.018490
 0.019006
 0.019747
 0.022496
 0.016684
 0.018630
 0.017621
 0.014746
 0.014067
 0.019672
 0.023511
 0.018188
 0.019057
 0.018280
 0.015696
 0.018954
 0.016048
 0.017091
 0.018177
 0.018648
 0.017748
 0.015229
 0.017784
 0.016021
 0.014229
 0.018075
 0.015819
 0.014702
 0.016182
 0.016514
 0.012925
 0.015246
 0.017166
 0.012126
 0.017019
 0.012094
 0.011511
 0.017180
 0.015265
 0.012095
 0.011145
 0.017643
 0.015394
 0.015456
 0.014934
 0.010988
 0.015203
 0.015165
 0.010547
 0.014293
 0.015484
 0.011193
 0.015358
 0.015012
 0.014387
 0.017410
 0.014332
 0.012355
 0.016506
 0.017194
 0.016605
 0.013659
 0.016678
 0.016462
 0.018569
 0.017462
 0.016344
 0.013991
 0.018896
 0.015374
 0.016936
 0.019603
 0.018129
 0.018043
 0.016850
 0.014416
 0.012997
 0.016857
 0.017075
 0.012288
 0.011876
 0.016236
 0.014106
 0.013517
 0.014883
 0.011782
 0.015704
 0.014689
 0.015987
 0.014005
 0.012706
 0.011775
 0.013906
 0.011228
 0.011388
 0.012925
 0.011451
 0.019544
 0.011562
 0.012085
 0.015555
 0.013868
 0.009113
 0.021840
 0.019030
 0.016258
 0.011291
 0.016456
 0.014588
 0.014560
 0.015417
 0.009626
 0.013218
 0.012296
 0.015004
 0.017176
 0.012088
 0.015110
 0.014471
 0.015889
 0.014852
 0.012377
 0.011149
 0.010214
 0.015625
 0.013988
 0.014204
 0.014446
 0.010582
 0.015245
 0.016244
 0.016593
 0.015576
 0.015361
 0.020072
 0.014274
 0.015076
 0.016713
 0.014922
 0.013342
 0.013617
 0.015626
 0.013969
 0.014824
 0.012448
 0.015861
 0.013930
 0.008223
 0.011416
 0.012150
 0.010515
 0.013033
 0.012443
 0.016380
 0.018072
 0.013920
 0.018487
 0.015905
 0.011923
 0.023326
 0.015949
 0.013814
 0.026344
 0.013481
 0.017610
 0.025811
 0.014118
 0.013211
 0.022568
 0.017614
 0.012055
 0.017472
 0.012892
 0.010750
 0.016053
 0.016159
 0.016856
 0.013331
 0.015671
 0.018026
 0.015051
 0.014539
 0.015187
 0.016007
 0.011079
 0.014289
 0.017829
 0.015203
 0.017269
 0.015803
 0.016354
 0.014862
 0.011484
 0.015344
 0.014782
 0.015284
 0.014649
 0.014989
 0.011198
 0.015047
 0.014596
 0.013736
 0.021564
 0.020081
 0.011737
 0.014855
 0.016128
 0.014376
 0.011262
 0.013633
 0.013278
 0.015202
 0.009507
 0.015638
 0.012956
 0.015618
 0.012118
 0.021845
 0.017349
 0.016838
 0.014269
 0.010583
 0.014340
 0.014287
 0.014590
 0.013488
 0.013997
 0.016832
 0.013230
 0.014786
 0.017538
 0.016482
 0.012589
 0.014231
 0.014992
 0.016819
 0.015628
 0.016353
 0.016025
 0.017044
 0.015992
 0.018101
 0.013651
 0.014271
 0.017061
 0.015797
 0.010684
 0.024053
 0.016701
 0.016037
 0.017108
 0.016368
 0.013736
 0.011399
 0.015996
 0.015302
 0.013066
 0.019921
 0.013649
 0.012840
 0.014825
 0.016067
 0.015311
 0.016144
 0.017854
 0.010901
 0.014701
 0.017126
 0.013916
 0.015671
 0.016651
 0.014643
 0.014634
 0.016312
 0.014430
 0.014833
 0.019400
 0.016602
 0.014135
 0.016057
 0.015573
 0.015709
 0.015273
 0.015380
 0.014884
 0.015257
 0.015053
 0.014485
 0.015293
 0.013786
 0.016007
 0.013612
 0.019541
 0.015835
 0.015052
 0.015470
 0.010366
 0.009397
 0.010994
 0.016493
 0.014576
 0.014263
 0.016054
 0.014671
 0.014985
 0.016648
 0.017731
 0.016001
 0.015141
 0.015057
 0.015099
 0.011794
 0.013629
 0.016008
 0.014874
 0.016013
 0.019438
 0.016546
 0.020123
 0.018009
 0.017866
 0.017504
 0.024087
 0.020903
 0.014471
 0.021296
 0.013553
 0.023388
 0.016416
 0.023665
 0.015706
 0.023004
 0.017691
 0.020088
 0.016714
 0.016121
 0.019182
 0.013259
 0.016789
 0.020281
 0.016122
 0.014572
 0.019060
 0.016059
 0.013202
 0.014573
 0.015355
 0.012139
 0.017097
 0.017277
 0.017728
 0.016851
 0.016964
 0.013676
 0.019685
 0.017516
 0.017211
 0.018876
 0.019909
 0.019449
 0.020575
 0.019749
 0.016074
 0.015968
 0.019709
 0.019499
 0.019499
 0.019694
 0.018643
 0.019039
 0.018876
 0.015441
 0.017933
 0.017553
 0.015887
 0.019890
 0.019961
 0.015790
 0.017837
 0.021685
 0.015702
 0.026470
 0.019978
 0.032303
 0.018736
 0.029086
 0.022845
 0.031194
 0.019927
 0.018032
 0.016259
 0.018250
 0.012604
 0.013317
 0.012566
 0.007158
 0.012873
 0.009713
 0.019607
 0.014240
 0.024036
 0.017797
 0.015467
 0.026934
 0.016375
 0.017856
 0.026231
 0.019570
 0.016165
 0.021178
 0.015888
 0.014130
 0.019954
 0.016726
 0.016044
 0.019325
 0.016843
 0.010036
 0.016260
 0.014042
 0.015221
 0.016514
 0.016002
 0.013613
 0.016863
 0.015854
 0.014205
 0.014365
 0.014322
 0.022028
 0.020524
 0.014757
 0.018105
 0.019186
 0.021037
 0.017078
 0.014957
 0.017061
 0.016671
 0.015912
 0.017805
 0.011773
 0.022113
 0.021056
 0.018560
 0.018020
 0.017246
 0.019124
 0.019152
 0.015579
 0.019542
 0.018967
 0.016565
 0.020810
 0.017904
 0.018177
 0.031049
 0.017545
 0.018534
 0.019811
 0.019758
 0.021790
 0.020444
 0.020433
 0.016192
 0.020956
 0.018458
 0.019755
 0.018775
 0.021809
 0.015503
 0.017365
 0.024013
 0.016138
 0.021218
 0.015812
 0.019647
 0.012726
 0.018131
 0.018395
 0.014251
 0.011406
 0.018398
 0.015625
 0.015471
 0.017888
 0.015097
 0.015638
 0.014269
 0.015369
 0.014618
 0.016500
 0.011002
 0.015599
 0.016085
 0.010519
 0.013153
 0.017636
 0.018815
 0.015146
 0.022161
 0.013937
 0.021106
 0.018407
 0.017375
 0.018546
 0.017674
 0.017856
 0.016676
 0.018203
 0.019308
 0.019964
 0.017121
 0.021888
 0.013208
 0.017093
 0.023503
 0.019602
 0.014391
 0.017660
 0.018442
 0.015891
 0.014485
 0.018204
 0.014250
 0.014907
 0.017367
 0.014624
 0.013556
 0.016940
 0.010685
 0.010999
 0.017221
 0.015156
 0.013031
 0.011582
 0.009671
 0.014828
 0.016093
 0.014379
 0.014644
 0.014096
 0.013260
 0.014931
 0.019821
 0.020758
 0.011869
 0.015145
 0.017573
 0.011819
 0.014527
 0.018005
 0.015393
 0.015792
 0.016182
 0.014174
 0.014559
 0.015282
 0.009982
 0.014271
 0.011995
 0.013594
 0.031518
 0.014360
 0.013776
 0.013323
 0.015517
 0.013419
 0.012796
 0.013438
 0.013834
 0.013633
 0.012317
 0.009159
 0.012255
 0.012076
 0.013495
 0.015417
 0.011586
 0.010867
 0.012173
 0.009848
 0.012206
 0.024349
 0.019933
 0.016042
 0.017724
 0.017817
 0.021024
 0.017624
 0.018961
 0.021207
 0.013084
 0.019269
 0.017330
 0.019613
 0.018478
 0.018647
 0.018518
 0.016503
 0.015700
 0.018070
 0.013782
 0.015930
 0.019308
 0.017170
 0.015253
 0.015918
 0.016849
 0.014386
 0.017200
 0.018746
 0.017064
 0.016806
 0.018534
 0.019706
 0.013799
 0.015845
 0.017904
 0.018949
 0.018962
 0.014902
 0.016327
 0.013337
 0.015885
 0.015135
 0.016232
 0.013881
 0.015780
 0.015051
 0.015164
 0.015671
 0.013120
 0.016983
 0.017284
 0.010103
 0.017283
 0.016245
 0.017502
 0.014684
 0.016693
 0.016277
 0.012412
 0.013350
 0.015580
 0.016154
 0.016707
 0.014324
 0.022434
 0.017253
 0.018022
 0.018747
 0.017346
 0.017403
 0.016353
 0.016883
 0.015226
 0.016801
 0.028642
 0.015056
 0.014805
 0.015111
 0.014163
 0.014332
 0.011273
 0.017099
 0.016554
 0.014037
 0.016968
 0.017377
 0.015537
 0.017942
 0.016802
 0.016175
 0.004017
 0.013924
 0.012243
 0.012043
 0.010439
 0.010357
 0.005857
 0.008964
 0.007631
 0.011034
 0.013377
 0.007024
 0.010521
 0.014321
 0.011766
 0.010877
 0.013457
 0.012313
 0.014022
 0.012565
 0.011947
 0.013821
 0.014641
 0.009810
 0.013580
 0.015065
 0.013264
 0.011300
 0.015291
 0.012802
 0.012999
 0.016531
 0.012532
 0.013017
 0.016171
 0.015097
 0.016869
 0.011638
 0.017460
 0.015489
 0.014802
 0.013142
 0.016690
 0.015194
 0.013137
 0.013090
 0.010781
 0.010242
 0.014928
 0.013824
 0.013717
 0.012568
 0.017052
 0.016784
 0.015493
 0.016357
 0.014736
 0.016336
 0.014275
 0.015305
 0.015594
 0.015976
 0.014244
 0.015774
 0.016459
 0.014824
 0.016384
 0.016114
 0.016083
 0.014425
 0.017097
 0.014494
 0.015036
 0.014039
 0.015742
 0.016049
 0.015527
 0.015434
 0.012473
 0.014137
 0.020557
 0.012143
 0.014797
 0.010481
 0.011447
 0.010987
 0.016117
 0.014982
 0.011734
 0.014895
 0.015327
 0.014773
 0.015529
 0.009440
 0.013372
 0.013162
 0.012858
 0.009625
 0.008719
 0.011165
 0.009136
 0.009265
 0.008759
 0.012488
 0.013210
 0.014473
 0.014383
 0.014600
 0.015244
 0.011955
 0.016008
 0.016180
 0.014896
 0.015970
 0.013975
 0.013470
 0.014229
 0.008784
 0.010505
 0.014809
 0.015319
 0.014210
 0.014718
 0.015611
 0.015904
 0.015663
 0.012411
 0.013882
 0.015288
 0.015030
 0.015163
 0.017294
 0.012126
 0.015441
 0.016484
 0.016565
 0.017160
 0.016485
 0.016163
 0.015921
 0.016560
 0.014186
 0.015565
 0.016342
 0.015221
 0.015786
 0.013881
 0.015566
 0.011427
 0.016936
 0.014851
 0.015372
 0.013735
 0.014792
 0.014722
 0.014509
 0.013669
 0.012947
 0.015070
 0.015131
 0.009381
 0.014247
 0.009504
 0.009170
 0.011855
 0.011586
 0.012146
 0.014411
 0.011310
 0.013897
 0.010601
 0.015140
 0.012617
 0.015509
 0.014485
 0.011581
 0.013486
 0.013010
 0.013658
 0.012716
 0.016240
 0.012983
 0.014152
 0.014238
 0.014284
 0.015301
 0.013800
 0.014882
 0.015469
 0.015127
 0.014612
 0.012786
 0.013081
 0.012712
 0.016092
 0.014272
 0.019943
 0.013369
 0.015576
 0.016357
 0.013992
 0.012757
 0.015271
 0.014582
 0.013704
 0.015767
 0.015896
 0.015618
 0.017838
 0.012002
 0.013355
 0.013572
 0.011283
 0.010514
 0.014562
 0.015110
 0.014030
 0.014501
 0.015447
 0.012812
 0.014604
 0.011570
 0.014067
 0.011268
 0.008132
 0.021763
 0.017239
 0.014130
 0.019899
 0.012091
 0.021909
 0.017026
 0.021339
 0.015796
 0.020913
 0.020102
 0.022005
 0.019605
 0.021565
 0.018220
 0.020108
 0.019919
 0.017124
 0.019435
 0.015873
 0.012231
 0.015078
 0.014271
 0.024494
 0.014630
 0.015408
 0.013871
 0.027764
 0.019040
 0.015526
 0.018384
 0.018824
 0.014438
 0.015689
 0.018894
 0.014608
 0.015346
 0.020027
 0.016380
 0.015241
 0.018307
 0.015080
 0.015204
 0.014610
 0.014720
 0.015723
 0.014215
 0.015819
 0.012594
 0.017602
 0.015847
 0.016705
 0.016800
 0.016330
 0.012737
 0.016989
 0.015294
 0.017520
 0.014620
 0.016751
 0.015822
 0.016428
 0.015401
 0.015276
 0.015677
 0.015853
 0.014805
 0.015818
 0.014233
 0.016316
 0.018314
 0.016049
 0.013708
 0.017471
 0.016458
 0.016526
 0.017313
 0.014982
 0.017425
 0.012574
 0.013847
 0.020225
 0.020669
 0.014455
 0.015528
 0.014158
 0.018015
 0.015399
 0.015878
 0.011171
 0.014350
 0.018137
 0.016631
 0.015817
 0.016690
 0.013088
 0.016639
 0.015644
 0.018246
 0.014685
 0.015435
 0.011616
 0.012287
 0.027341
 0.015128
 0.015572
 0.012610
 0.013457
 0.017121
 0.013547
 0.014470
 0.016196
 0.016481
 0.014875
 0.017959
 0.010568
 0.014780
 0.015648
 0.017547
 0.013703
 0.018763
 0.015721
 0.015864
 0.012506
 0.018592
 0.012352
 0.017812
 0.016186
 0.016819
 0.014058
 0.014538
 0.011836
 0.017562
 0.016345
 0.017349
 0.015657
 0.017120
 0.015273
 0.013327
 0.015510
 0.011863
 0.019769
 0.011053
 0.023231
 0.017634
 0.013750
 0.013854
 0.018534
 0.016627
 0.015716
 0.019398
 0.016607
 0.012207
 0.018029
 0.015342
 0.014245
 0.018063
 0.014729
 0.013237
 0.012264
 0.016068
 0.019154
 0.019920
 0.018711
 0.018043
 0.018656
 0.018574
 0.019855
 0.019119
 0.019803
 0.019467
 0.017818
 0.018948
 0.019458
 0.015394
 0.018627
 0.019873
 0.016683
 0.019515
 0.019540
 0.021388
 0.017522
 0.014263
 0.018980
 0.017555
 0.030037
 0.014436
 0.014184
 0.018403
 0.015255
 0.018538
 0.017074
 0.018531
 0.014780
 0.019794
 0.011604
 0.019037
 0.014289
 0.017403
 0.016507
 0.018708
 0.016272
 0.020804
 0.015922
 0.017730
 0.010476
 0.019362
 0.017997
 0.018492
 0.015828
 0.017374
 0.016374
 0.016185
 0.016320
 0.013766
 0.013170
 0.022985
 0.014201
 0.014694
 0.014268
 0.015642
 0.012654
 0.012616
 0.011000
 0.012737
 0.014012
 0.015962
 0.011734
 0.013291
 0.014516
 0.013934
 0.012755
 0.013925
 0.011753
 0.016408
 0.019548
 0.015592
 0.013299
 0.016568
 0.015824
 0.015893
 0.014616
 0.010693
 0.012563
 0.014463
 0.012156
 0.014478
 0.013135
 0.011624
 0.010248
 0.009334
 0.013755
 0.008885
 0.013941
 0.013373
 0.015974
 0.014467
 0.016430
 0.011669
 0.014893
 0.014984
 0.016304
 0.019050
 0.023551
 0.019684
 0.017238
 0.014425
 0.015972
 0.017334
 0.019271
 0.013656
 0.015053
 0.016297
 0.015199
 0.016731
 0.016351
 0.016354
 0.010688
 0.012753
 0.015949
 0.013396
 0.013942
 0.012098
 0.011488
 0.016807
 0.014598
 0.014709
 0.013855
 0.016011
 0.016461
 0.011109
 0.016143
 0.016027
 0.015429
 0.012611
 0.013476
 0.015477
 0.015150
 0.014824
 0.014533
 0.014516
 0.013781
 0.012744
 0.015950
 0.013426
 0.017458
 0.015287
 0.013163
 0.018160
 0.016466
 0.014023
 0.017748
 0.015990
 0.016388
 0.016286
 0.014451
 0.016571
 0.016753
 0.016899
 0.017356
 0.015599
 0.011984
 0.017273
 0.017953
 0.015683
 0.017402
 0.016555
 0.016715
 0.018422
 0.015205
 0.014552
 0.015632
 0.022763
 0.020867
 0.016508
 0.021580
 0.017411
 0.020795
 0.015690
 0.022274
 0.012500
 0.019453
 0.017221
 0.020345
 0.015913
 0.020228
 0.018247
 0.020545
 0.016110
 0.014753
 0.016579
 0.018005
 0.016727
 0.015325
 0.015590
 0.015722
 0.015833
 0.014966
 0.015874
 0.014410
 0.014244
 0.014487
 0.018826
 0.015927
 0.014604
 0.014699
 0.014751
 0.016559
 0.015155
 0.012128
 0.013781
 0.015062
 0.015605
 0.016413
 0.011757
 0.015733
 0.014197
 0.013681
 0.013252
 0.012028
 0.014375
 0.015944
 0.015097
 0.018548
 0.014132
 0.013764
 0.015131
 0.015507
 0.013766
 0.016794
 0.018647
 0.015508
 0.012235
 0.019581
 0.020442
 0.016020
 0.021402
 0.016038
 0.021436
 0.016651
 0.021357
 0.014944
 0.021167
 0.016549
 0.018962
 0.012490
 0.019265
 0.015709
 0.017208
 0.013299
 0.015898
 0.014263
 0.020332
 0.012748
 0.017486
 0.017475
 0.014362
 0.018183
 0.019143
 0.015901
 0.016887
 0.019130
 0.012361
 0.017803
 0.013226
 0.015282
 0.015337
 0.019436
 0.015997
 0.016847
 0.011660
 0.013941
 0.014955
 0.023357
 0.016948
 0.019704
 0.020777
 0.022543
 0.017705
 0.021220
 0.019213
 0.021185
 0.020265
 0.021370
 0.019211
 0.023309
 0.017166
 0.019868
 0.022999
 0.019817
 0.016155
 0.019071
 0.019797
 0.019637
 0.021702
 0.015612
 0.013428
 0.021952
 0.015574
 0.020912
 0.016266
 0.021427
 0.014415
 0.019484
 0.015359
 0.017493
 0.016255
 0.020780
 0.015908
 0.018689
 0.014551
 0.016586
 0.016820
 0.021629
 0.017986
 0.016972
 0.018214
 0.017232
 0.016738
 0.019117
 0.014510
 0.017043
 0.018533
 0.015497
 0.017358
 0.016839
 0.017157
 0.015610
 0.015443
 0.018586
 0.020661
 0.013875
 0.015546
 0.016734
 0.015733
 0.015563
 0.016239
 0.014690
 0.015347
 0.016257
 0.013357
 0.010279
 0.017715
 0.029602
 0.020858
 0.017912
 0.014865
 0.019335
 0.026874
 0.017562
 0.019343
 0.021627
 0.021272
 0.013705
 0.018312
 0.017209
 0.021616
 0.022235
 0.014642
 0.022561
 0.012977
 0.021906
 0.017064
 0.020307
 0.016194
 0.021723
 0.017491
 0.019817
 0.017239
 0.021284
 0.016565
 0.020136
 0.020989
 0.016551
 0.016035
 0.018503
 0.016932
 0.025026
 0.015955
 0.015013
 0.016064
 0.016961
 0.015781
 0.015144
 0.017180
 0.013296
 0.014880
 0.015756
 0.010342
 0.014483
 0.015716
 0.010825
 0.013597
 0.014667
 0.012244
 0.010175
 0.008133
 0.017546
 0.017186
 0.014939
 0.019196
 0.017520
 0.017698
 0.014452
 0.015992
 0.014710
 0.015661
 0.011081
 0.020421
 0.019685
 0.019650
 0.019327
 0.020557
 0.019053
 0.019263
 0.018876
 0.017462
 0.013282
 0.021251
 0.015929
 0.015698
 0.016569
 0.017678
 0.018761
 0.016702
 0.014738
 0.014584
 0.018776
 0.015499
 0.016262
 0.017616
 0.014161
 0.016221
 0.014666
 0.015321
 0.015351
 0.013688
 0.014946
 0.013781
 0.017642
 0.015825
 0.015670
 0.011131
 0.016956
 0.017425
 0.012307
 0.011522
 0.010913
 0.014174
 0.013931
 0.010921
 0.015886
 0.007172
 0.011701
 0.008985
 0.014322
 0.006753
 0.018198
 0.022308
 0.025349
 0.022706
 0.017990
 0.017035
 0.020759
 0.021480
 0.016470
 0.020381
 0.019828
 0.021689
 0.019358
 0.022352
 0.023304
 0.022717
 0.022690
 0.022680
 0.020378
 0.022693
 0.020143
 0.023436
 0.021126
 0.017304
 0.016442
 0.015556
 0.020307
 0.013911
 0.019455
 0.012722
 0.021113
 0.013725
 0.015179
 0.012050
 0.018617
 0.014071
 0.019529
 0.011753
 0.018644
 0.017850
 0.015242
 0.019442
 0.016475
 0.014530
 0.019756
 0.020864
 0.019942
 0.022312
 0.019805
 0.020885
 0.021194
 0.022234
 0.020017
 0.021875
 0.023014
 0.021088
 0.021564
 0.021176
 0.016099
 0.022241
 0.012564
 0.015034
 0.016741
 0.013598
 0.013335
 0.022819
 0.010828
 0.014869
 0.013745
 0.012767
 0.013601
 0.015309
 0.014222
 0.017976
 0.017052
 0.013139
 0.012497
 0.018068
 0.010653
 0.011676
 0.024716
 0.013643
 0.014099
 0.015053
 0.013625
 0.013035
 0.016104
 0.016619
 0.013434
 0.016702
 0.014105
 0.009313
 0.012255
 0.010477
 0.014082
 0.018039
 0.012346
 0.013212
 0.016393
 0.015013
 0.013288
 0.015396
 0.013658
 0.014178
 0.016919
 0.013911
 0.016033
 0.015712
 0.014289
 0.010636
 0.017015
 0.016640
 0.014715
 0.013058
 0.014679
 0.010708
 0.016416
 0.013149
 0.012082
 0.012631
 0.012256
 0.013524
 0.011926
 0.011621
 0.008691
 0.010287
 0.016722
 0.014965
 0.013167
 0.015556
 0.015446
 0.014140
 0.013067
 0.014372
 0.013447
 0.014089
 0.015592
 0.014410
 0.014192
 0.018286
 0.016325
 0.014740
 0.012241
 0.014622
 0.014866
 0.015100
 0.015041
 0.014910
 0.015224
 0.013792
 0.013993
 0.012794
 0.013734
 0.013868
 0.018158
 0.013127
 0.014680
 0.015296
 0.015439
 0.014723
 0.014913
 0.013262
 0.014610
 0.012933
 0.014263
 0.012797
 0.015037
 0.014616
 0.014748
 0.016074
 0.013975
 0.011190
 0.012786
 0.013353
 0.012056
 0.011444
 0.014781
 0.014367
 0.013446
 0.013231
 0.010253
 0.014749
 0.008519
 0.012729
 0.015865
 0.013846
 0.014778
 0.013665
 0.012420
 0.012852
 0.013086
 0.014197
 0.012952
 0.013543
 0.014869
 0.013092
 0.012688
 0.011481
 0.012681
 0.015118
 0.013458
 0.014303
 0.009209
 0.008342
 0.013542
 0.027704
 0.011785
 0.012122
 0.012978
 0.012510
 0.011847
 0.009720
 0.012775
 0.012993
 0.012882
 0.011796
 0.015021
 0.020945
 0.010705
 0.012175
 0.013977
 0.011864
 0.013372
 0.009005
 0.011991
 0.012129
 0.013790
 0.011467
 0.010647
 0.021268
 0.010521
 0.013534
 0.012713
 0.012437
 0.010584
 0.012595
 0.010031
 0.011564
 0.012379
 0.010585
 0.007113
 0.025726
 0.017197
 0.017575
 0.017981
 0.012398
 0.029267
 0.016180
 0.016263
 0.010826
 0.020783
 0.012009
 0.016172
 0.018512
 0.013702
 0.014193
 0.018254
 0.015824
 0.016738
 0.018139
 0.011361
 0.021038
 0.012314
 0.023529
 0.013015
 0.015406
 0.022932
 0.015564
 0.016176
 0.026409
 0.012355
 0.011502
 0.008328
 0.011124
 0.010629
 0.008935
 0.013054
 0.012384
 0.008359
 0.011458
 0.011792
 0.009486
 0.012212
 0.008490
 0.009514
 0.012796
 0.012602
 0.004518
 0.011842
 0.012619
 0.008274
 0.012003
 0.012206
 0.011192
 0.013868
 0.012398
2209 frames decoded in toal.
