Configure resampler: libSwResample
 0.020790
 0.033076
 0.033289
 0.022706
 0.032304
 0.016630
 0.030252
 0.019564
 0.013437
 0.036170
 0.009092
 0.015310
 0.023539
 0.015129
 0.016244
 0.017401
 0.016255
 0.015258
 0.017677
 0.016478
 0.012336
 0.017946
 0.016366
 0.016504
 0.016547
 0.012794
 0.015377
 0.016750
 0.015902
 0.012507
 0.013066
 0.015318
 0.018087
 0.016795
 0.011187
 0.017015
 0.015318
 0.016599
 0.016713
 0.014211
 0.016264
 0.014000
 0.010722
 0.013349
 0.015490
 0.020559
 0.015769
 0.015713
 0.013230
 0.025895
 0.023226
 0.014992
 0.015311
 0.012841
 0.016728
 0.016221
 0.018970
 0.019353
 0.018918
 0.017528
 0.018590
 0.012415
 0.014161
 0.012273
 0.017218
 0.016224
 0.018328
 0.015724
 0.017330
 0.014914
 0.016880
 0.015254
 0.015520
 0.015505
 0.018057
 0.017350
 0.015608
 0.016595
 0.012542
 0.012441
 0.012299
 0.011502
 0.017575
 0.017499
 0.011727
 0.009218
 0.014508
 0.023721
 0.018079
 0.016048
 0.015370
 0.015644
 0.012140
 0.012133
 0.015053
 0.017523
 0.017735
 0.014815
 0.012854
 0.017217
 0.014691
 0.017023
 0.011316
 0.010584
 0.013071
 0.019605
 0.015023
 0.014793
 0.018287
 0.017431
 0.010809
 0.016800
 0.016122
 0.015522
 0.015869
 0.007502
 0.006972
 0.013771
 0.013790
 0.038515
 0.013866
 0.014565
 0.012063
 0.021889
 0.015749
 0.015510
 0.014384
 0.015874
 0.016159
 0.015470
 0.016300
 0.016690
 0.027313
 0.015753
 0.015589
 0.018724
 0.012964
 0.012454
 0.016703
 0.015186
 0.010989
 0.018350
 0.011636
 0.015556
 0.011058
 0.011962
 0.012660
 0.022556
 0.010972
 0.011821
 0.016926
 0.012714
 0.015823
 0.011652
 0.012661
 0.015351
 0.016113
 0.011893
 0.011914
 0.015397
 0.014821
 0.011700
 0.012289
 0.011292
 0.012312
 0.012158
 0.011470
 0.010616
 0.019965
 0.012225
 0.013355
 0.026863
 0.012486
 0.015395
 0.016091
 0.007495
 0.012026
 0.009433
 0.008289
 0.008168
 0.009959
 0.010158
 0.012819
 0.005149
 0.013257
 0.009691
 0.007951
 0.025052
 0.028176
 0.012041
 0.012643
 0.015553
 0.010844
 0.011051
 0.024706
 0.015161
 0.015589
 0.016686
 0.015224
 0.015263
 0.012620
 0.014613
 0.011153
 0.017311
 0.015344
 0.012233
 0.013538
 0.012589
 0.015610
 0.015401
 0.013315
 0.012136
 0.011705
 0.010450
 0.012901
 0.012493
 0.013095
 0.015673
 0.014756
 0.015832
 0.011364
 0.013341
 0.015338
 0.010463
 0.013516
 0.016795
 0.012550
 0.011591
 0.016691
 0.013776
 0.010144
 0.010294
 0.013047
 0.014010
 0.008644
 0.015372
 0.015219
 0.011954
 0.010948
 0.040744
 0.009928
 0.013467
 0.015224
 0.016228
 0.016566
 0.013534
 0.023588
 0.011814
 0.013378
 0.018295
 0.015791
 0.016499
 0.022740
 0.013421
 0.016917
 0.019339
 0.016126
 0.013960
 0.017675
 0.013254
 0.016309
 0.013009
 0.015762
 0.016170
 0.014143
 0.012329
 0.012270
 0.015459
 0.019908
 0.020275
 0.017731
 0.014181
 0.015598
 0.013497
 0.016641
 0.012365
 0.015131
 0.016759
 0.014155
 0.015898
 0.010245
 0.018903
 0.016052
 0.020279
 0.012522
 0.016381
 0.013396
 0.011859
 0.013981
 0.014921
 0.018852
 0.011941
 0.012002
 0.010996
 0.015738
 0.017017
 0.012636
 0.012252
 0.016833
 0.015883
 0.016180
 0.012927
 0.010719
 0.011202
 0.015420
 0.011224
 0.011658
 0.020133
 0.017351
 0.011199
 0.016152
 0.011966
 0.014415
 0.023546
 0.016428
 0.016939
 0.013465
 0.016722
 0.011531
 0.013310
 0.015859
 0.011720
 0.011985
 0.014655
 0.015825
 0.016833
 0.014314
 0.011992
 0.017241
 0.010875
 0.016413
 0.013116
 0.012518
 0.015056
 0.017064
 0.011456
 0.012178
 0.013069
 0.016297
 0.011007
 0.014775
 0.015610
 0.011391
 0.015295
 0.013108
 0.014580
 0.017019
 0.011562
 0.011890
 0.011763
 0.014823
 0.011775
 0.010746
 0.010639
 0.011996
 0.009870
 0.012135
 0.010480
 0.008205
 0.039224
 0.014505
 0.010921
 0.011833
 0.014634
 0.012534
 0.011210
 0.022486
 0.011288
 0.013176
 0.014652
 0.016234
 0.016352
 0.027138
 0.010854
 0.015744
 0.018778
 0.016758
 0.011651
 0.016850
 0.012609
 0.011808
 0.014393
 0.015060
 0.012027
 0.013047
 0.011364
 0.015834
 0.020878
 0.015029
 0.015642
 0.017931
 0.013854
 0.011148
 0.017002
 0.014999
 0.013195
 0.013357
 0.016127
 0.012166
 0.012252
 0.012256
 0.014843
 0.022745
 0.010895
 0.012262
 0.014883
 0.015852
 0.016287
 0.012558
 0.015942
 0.014875
 0.012595
 0.012063
 0.015535
 0.017363
 0.013339
 0.012696
 0.017394
 0.012503
 0.013360
 0.013259
 0.012040
 0.016155
 0.014913
 0.011761
 0.013212
 0.019241
 0.016408
 0.015758
 0.014161
 0.013458
 0.009720
 0.023348
 0.015311
 0.015543
 0.015504
 0.011941
 0.011950
 0.012894
 0.011060
 0.011932
 0.014281
 0.015099
 0.012139
 0.011435
 0.011690
 0.015198
 0.021049
 0.015215
 0.015638
 0.013635
 0.012807
 0.013148
 0.016456
 0.015184
 0.015720
 0.016270
 0.012683
 0.011471
 0.013438
 0.011774
 0.013593
 0.017234
 0.015216
 0.012299
 0.013680
 0.010616
 0.016019
 0.010946
 0.012032
 0.010699
 0.011753
 0.012308
 0.012135
 0.011125
 0.012229
 0.011804
 0.009337
 0.014434
 0.025732
 0.011704
 0.012864
 0.010542
 0.011781
 0.016244
 0.014628
 0.016648
 0.011889
 0.010933
 0.011792
 0.015705
 0.011164
 0.014233
 0.012608
 0.012461
 0.011398
 0.014880
 0.014984
 0.017471
 0.011054
 0.011699
 0.013000
 0.008796
 0.013607
 0.018435
 0.029582
 0.013418
 0.009935
 0.012876
 0.015352
 0.015951
 0.011902
 0.012328
 0.010958
 0.015346
 0.016718
 0.016595
 0.017116
 0.015847
 0.012181
 0.012409
 0.015237
 0.018898
 0.015687
 0.015910
 0.012180
 0.011432
 0.015126
 0.015988
 0.011141
 0.012350
 0.013082
 0.016022
 0.016392
 0.011468
 0.019559
 0.016348
 0.011599
 0.012329
 0.017889
 0.018130
 0.017579
 0.013092
 0.012982
 0.011878
 0.011240
 0.011133
 0.011091
 0.015883
 0.012573
 0.012428
 0.010796
 0.016186
 0.013618
 0.017239
 0.017554
 0.016989
 0.011075
 0.012303
 0.016287
 0.012344
 0.011576
 0.013873
 0.013129
 0.015943
 0.011489
 0.012156
 0.012633
 0.010019
 0.019868
 0.021379
 0.016401
 0.013951
 0.016085
 0.009386
 0.008520
 0.009246
 0.011532
 0.005710
 0.010037
 0.010062
 0.008803
 0.005988
 0.009401
 0.010350
 0.007650
 0.013416
 0.009282
 0.007782
 0.010027
 0.010510
 0.011415
 0.014484
 0.011152
 0.006177
 0.015188
 0.011762
 0.007311
 0.009745
 0.005782
 0.010420
 0.009865
 0.013546
 0.007055
 0.014113
 0.013657
 0.008722
 0.013953
 0.009564
 0.010270
 0.009380
 0.009913
 0.011178
 0.009113
 0.011531
 0.011051
 0.010419
 0.014054
 0.009930
 0.007243
 0.008449
 0.012482
 0.007573
 0.010731
 0.008286
 0.008466
 0.009876
 0.013640
 0.010388
 0.012378
 0.011581
 0.016373
 0.015450
 0.013609
 0.013217
 0.014260
 0.013494
 0.016902
 0.012102
 0.019936
 0.014145
 0.017377
 0.019017
 0.018367
 0.014409
 0.016091
 0.017887
 0.013527
 0.016231
 0.013519
 0.014512
 0.015507
 0.014716
 0.015278
 0.014177
 0.014056
 0.015355
 0.016262
 0.021891
 0.014733
 0.014546
 0.012533
 0.013889
 0.012200
 0.013148
 0.017168
 0.017088
 0.018677
 0.012597
 0.017432
 0.016698
 0.015607
 0.014169
 0.018440
 0.016006
 0.016539
 0.013485
 0.014631
 0.015888
 0.015106
 0.014993
 0.014784
 0.013573
 0.012696
 0.012326
 0.015522
 0.016501
 0.007142
 0.011298
 0.006585
 0.010774
 0.009230
 0.008873
 0.006744
 0.010326
 0.011762
 0.008778
 0.009731
 0.011689
 0.014413
 0.013572
 0.015555
 0.019984
 0.017689
 0.017412
 0.017609
 0.023939
 0.019080
 0.018853
 0.019291
 0.020050
 0.015905
 0.017203
 0.019151
 0.019696
 0.020429
 0.016869
 0.018225
 0.015947
 0.013967
 0.014144
 0.017820
 0.012815
 0.017983
 0.018313
 0.015535
 0.018717
 0.019428
 0.018241
 0.018126
 0.018711
 0.019045
 0.019055
 0.019000
 0.017127
 0.017767
 0.028771
 0.019523
 0.015163
 0.020579
 0.020046
 0.022439
 0.020283
 0.024047
 0.021791
 0.024313
 0.022515
 0.024237
 0.022458
 0.024951
 0.018581
 0.021526
 0.019176
 0.019890
 0.022052
 0.014244
 0.013928
 0.018396
 0.017953
 0.016612
 0.014734
 0.016757
 0.014896
 0.013907
 0.015191
 0.017196
 0.014428
 0.013070
 0.013567
 0.015071
 0.013540
 0.016826
 0.015505
 0.016225
 0.015222
 0.017537
 0.017799
 0.015230
 0.018729
 0.015814
 0.017577
 0.013479
 0.016888
 0.017879
 0.019857
 0.014707
 0.012433
 0.014155
 0.014301
 0.016030
 0.013710
 0.015459
 0.019313
 0.015508
 0.016415
 0.018418
 0.014085
 0.015991
 0.015213
 0.029081
 0.024793
 0.018495
 0.022961
 0.019817
 0.024835
 0.018616
 0.022380
 0.018612
 0.023139
 0.017183
 0.020930
 0.016453
 0.021229
 0.018089
 0.020408
 0.018669
 0.021748
 0.019739
 0.021458
 0.022721
 0.022319
 0.017938
 0.019989
 0.018636
 0.022118
 0.015902
 0.014071
 0.013822
 0.013460
 0.019984
 0.015269
 0.013092
 0.013782
 0.015346
 0.016492
 0.018846
 0.017900
 0.014119
 0.012005
 0.029271
 0.018550
 0.027387
 0.019078
 0.017984
 0.020465
 0.023109
 0.022335
 0.018425
 0.018370
 0.018706
 0.016770
 0.015245
 0.015039
 0.017888
 0.014654
 0.020382
 0.014542
 0.015202
 0.022789
 0.018884
 0.017608
 0.018239
 0.022099
 0.016401
 0.018696
 0.020122
 0.017100
 0.015597
 0.014193
 0.018879
 0.014480
 0.018372
 0.017867
 0.014731
 0.016680
 0.020719
 0.017629
 0.016237
 0.020963
 0.018599
 0.014450
 0.018157
 0.021578
 0.017686
 0.015442
 0.018709
 0.015957
 0.018723
 0.021598
 0.015013
 0.015968
 0.017205
 0.014379
 0.014785
 0.020666
 0.014849
 0.018050
 0.014881
 0.016162
 0.007469
 0.011112
 0.013101
 0.017184
 0.016284
 0.017340
 0.016450
 0.013697
 0.016603
 0.017416
 0.013676
 0.016385
 0.011531
 0.012943
 0.017935
 0.021189
 0.015605
 0.015157
 0.013819
 0.014768
 0.017275
 0.012642
 0.015636
 0.013099
 0.017669
 0.015272
 0.016963
 0.014345
 0.013719
 0.014987
 0.014292
 0.013696
 0.017213
 0.025166
 0.020542
 0.020194
 0.022021
 0.018489
 0.015118
 0.022928
 0.020679
 0.020935
 0.019934
 0.017920
 0.019260
 0.017353
 0.017510
 0.017105
 0.021470
 0.023098
 0.015468
 0.015815
 0.019354
 0.023207
 0.020904
 0.020848
 0.017359
 0.014071
 0.020194
 0.012314
 0.020449
 0.019302
 0.019935
 0.016824
 0.015929
 0.018306
 0.014426
 0.014872
 0.016662
 0.011894
 0.024971
 0.022574
 0.019093
 0.023456
 0.015843
 0.016789
 0.018019
 0.018131
 0.020757
 0.016492
 0.020144
 0.019967
 0.023640
 0.007566
 0.017464
 0.016615
 0.007347
 0.018285
 0.015936
 0.019058
 0.021096
 0.012744
 0.026784
 0.016700
 0.016391
 0.023082
 0.013479
 0.018410
 0.020890
 0.016991
 0.012752
 0.015572
 0.017010
 0.016746
 0.018550
 0.011567
 0.023143
 0.019182
 0.014854
 0.018316
 0.020923
 0.020018
 0.018054
 0.016995
 0.022243
 0.019697
 0.017030
 0.016750
 0.017204
 0.015794
 0.017694
 0.020507
 0.020477
 0.019275
 0.016661
 0.016509
 0.015934
 0.018567
 0.020368
 0.021410
 0.019484
 0.023486
 0.016612
 0.017413
 0.018281
 0.018857
 0.021725
 0.017645
 0.016896
 0.015724
 0.020156
 0.017768
 0.018571
 0.017026
 0.016990
 0.018352
 0.023768
 0.005725
 0.018604
 0.016061
 0.010613
 0.010017
 0.012684
 0.015009
 0.013758
 0.012699
 0.014169
 0.015766
 0.020545
 0.015109
 0.022607
 0.016893
 0.015054
 0.015089
 0.016708
 0.019032
 0.013151
 0.014800
 0.015765
 0.015936
 0.016932
 0.019522
 0.019250
 0.014927
 0.018084
 0.014150
 0.020847
 0.022896
 0.016156
 0.015791
 0.018647
 0.015528
 0.019936
 0.016940
 0.020730
 0.021540
 0.019749
 0.017043
 0.014736
 0.016781
 0.018262
 0.019732
 0.014399
 0.018108
 0.017646
 0.021863
 0.018576
 0.016147
 0.014781
 0.015023
 0.018983
 0.013345
 0.020077
 0.017931
 0.019589
 0.016374
 0.014854
 0.013993
 0.020383
 0.016881
 0.016859
 0.015719
 0.016917
 0.015443
 0.016309
 0.020329
 0.015473
 0.014060
 0.013908
 0.011400
 0.017133
 0.012257
 0.015653
 0.013365
 0.016543
 0.014826
 0.013158
 0.004551
 0.007559
 0.015911
 0.021165
 0.023387
 0.029491
 0.042601
 0.014098
 0.020856
 0.047529
 0.012357
 0.043067
 0.010775
 0.030439
 0.021470
 0.019936
 0.027158
 0.020629
 0.021764
 0.025276
 0.018062
 0.024154
 0.018400
 0.019277
 0.030356
 0.015119
 0.014774
 0.018141
 0.018261
 0.021384
 0.014307
 0.018551
 0.018341
 0.018137
 0.015368
 0.011788
 0.013780
 0.017970
 0.019748
 0.014383
 0.020957
 0.018528
 0.017540
 0.018601
 0.020134
 0.016320
 0.017630
 0.016457
 0.018482
 0.010934
 0.013061
 0.017845
 0.037379
 0.022704
 0.019294
 0.018601
 0.020268
 0.015305
 0.017272
 0.025554
 0.018964
 0.017143
 0.022324
 0.015088
 0.016086
 0.017110
 0.016152
 0.019638
 0.013492
 0.013950
 0.014566
 0.014783
 0.016390
 0.024832
 0.016897
 0.020808
 0.016679
 0.016683
 0.017524
 0.017848
 0.012646
 0.017388
 0.016972
 0.010578
 0.018906
 0.018064
 0.015961
 0.016944
 0.018693
 0.016428
 0.018914
 0.014818
 0.018403
 0.022632
 0.017571
 0.015978
 0.020817
 0.018174
 0.018546
 0.019313
 0.016242
 0.024397
 0.015482
 0.017240
 0.017981
 0.016693
 0.019719
 0.015098
 0.015875
 0.013754
 0.013651
 0.018433
 0.017021
 0.012752
 0.017946
 0.014956
 0.018109
 0.012887
 0.020220
 0.017004
 0.013487
 0.014168
 0.016691
 0.016636
 0.019654
 0.018496
 0.012746
 0.016435
 0.017117
 0.016744
 0.010562
 0.010734
 0.010324
 0.014455
 0.008557
 0.013869
 0.016167
 0.012584
 0.009376
 0.017149
 0.006492
 0.013510
 0.015413
 0.011454
 0.012738
 0.010344
 0.011858
 0.010604
 0.011546
 0.023237
 0.015432
 0.015430
 0.015713
 0.014649
 0.016487
 0.017265
 0.013724
 0.020285
 0.014899
 0.013500
 0.014519
 0.016986
 0.015463
 0.015027
 0.014044
 0.017841
 0.018191
 0.018515
 0.019101
 0.016541
 0.014016
 0.014230
 0.017449
 0.014412
 0.017676
 0.019511
 0.018580
 0.022233
 0.019392
 0.015043
 0.019398
 0.029771
 0.020003
 0.018582
 0.020592
 0.017401
 0.016096
 0.017640
 0.021731
 0.020858
 0.022224
 0.019843
 0.021606
 0.021190
 0.018060
 0.012283
 0.019778
 0.018582
 0.020100
 0.015033
 0.020916
 0.019041
 0.019106
 0.016580
 0.021172
 0.018987
 0.024337
 0.021560
 0.018865
 0.014952
 0.017950
 0.026140
 0.020265
 0.019122
 0.021296
 0.018686
 0.019577
 0.018493
 0.022768
 0.019071
 0.020674
 0.015079
 0.019527
 0.018270
 0.018271
 0.015391
 0.016430
 0.021133
 0.019556
 0.016645
 0.015506
 0.019672
 0.013809
 0.011215
 0.010325
 0.013156
 0.009068
 0.011271
 0.010846
 0.013715
 0.009405
 0.011202
 0.009518
 0.014662
 0.014935
 0.007637
 0.010797
 0.014302
 0.010958
 0.020359
 0.014299
 0.018524
 0.020667
 0.021565
 0.018709
 0.024273
 0.018286
 0.019258
 0.017955
 0.022957
 0.017118
 0.017894
 0.018779
 0.018729
 0.021507
 0.019566
 0.015899
 0.012679
 0.014142
 0.019033
 0.019922
 0.018681
 0.013841
 0.017883
 0.019221
 0.018630
 0.015080
 0.017242
 0.018876
 0.012858
 0.015347
 0.014729
 0.017722
 0.020391
 0.014750
 0.018655
 0.019398
 0.014874
 0.017618
 0.015161
 0.019341
 0.018635
 0.020090
 0.018401
 0.016911
 0.019482
 0.015304
 0.016590
 0.016035
 0.014769
 0.013917
 0.020438
 0.015135
 0.014266
 0.020742
 0.014614
 0.018489
 0.020051
 0.015649
 0.014811
 0.018909
 0.013747
 0.013950
 0.021401
 0.018375
 0.018162
 0.014386
 0.015583
 0.015746
 0.015700
 0.017715
 0.019813
 0.018381
 0.013257
 0.015771
 0.017049
 0.015912
 0.016082
 0.016822
 0.016821
 0.018582
 0.019929
 0.020053
 0.020433
 0.016622
 0.020883
 0.015394
 0.018672
 0.022293
 0.015427
 0.018582
 0.019257
 0.017336
 0.016846
 0.019174
 0.021450
 0.016872
 0.021414
 0.018827
 0.015787
 0.017759
 0.013676
 0.020381
 0.016303
 0.017909
 0.020975
 0.016807
 0.019618
 0.022497
 0.021238
 0.017948
 0.017041
 0.018292
 0.016522
 0.021810
 0.015621
 0.019706
 0.018920
 0.013643
 0.015247
 0.015884
 0.013896
 0.015643
 0.019382
 0.017466
 0.016493
 0.014852
 0.016423
 0.019664
 0.016663
 0.016745
 0.020563
 0.015780
 0.020655
 0.027291
 0.015524
 0.018078
 0.024975
 0.020927
 0.022206
 0.020351
 0.021189
 0.024551
 0.020175
 0.020195
 0.016203
 0.016068
 0.019527
 0.014595
 0.012528
 0.014311
 0.017801
 0.021245
 0.017430
 0.012393
 0.016479
 0.012219
 0.018219
 0.016712
 0.012592
 0.011291
 0.015622
 0.011512
 0.016008
 0.012352
 0.010174
 0.006506
 0.009283
 0.009650
 0.007318
 0.010459
 0.010333
 0.008713
 0.011880
 0.015311
 0.012073
 0.013979
 0.014911
 0.012554
 0.009686
 0.011784
 0.011785
 0.014350
 0.009747
 0.007892
 0.015706
 0.014860
 0.017645
 0.014675
 0.015348
 0.013888
 0.014012
 0.012750
 0.011868
 0.016131
 0.016485
 0.017436
 0.012914
 0.017680
 0.021873
 0.013078
 0.015612
 0.013633
 0.017992
 0.015786
 0.013520
 0.016727
 0.017979
 0.012921
 0.016631
 0.018755
 0.016439
 0.013104
 0.018152
 0.013480
 0.016234
 0.013315
 0.017868
 0.013210
 0.017128
 0.013444
 0.014132
 0.017223
 0.015321
 0.014170
 0.013478
 0.011821
 0.011688
 0.016503
 0.015193
 0.017302
 0.015419
 0.018726
 0.018353
 0.014356
 0.017548
 0.015742
 0.015144
 0.014165
 0.015969
 0.015885
 0.017224
 0.016594
 0.016352
 0.015827
 0.017396
 0.012614
 0.020314
 0.015374
 0.013293
 0.012829
 0.014486
 0.015552
 0.019828
 0.016418
 0.014994
 0.016496
 0.014993
 0.022663
 0.022512
 0.016897
 0.016910
 0.019881
 0.018248
 0.015187
 0.017049
 0.016266
 0.025392
 0.021513
 0.018041
 0.023510
 0.018737
 0.020135
 0.024934
 0.022578
 0.017123
 0.020081
 0.016536
 0.023656
 0.018776
 0.019278
 0.019419
 0.018397
 0.020296
 0.027834
 0.014640
 0.014536
 0.018313
 0.016451
 0.015674
 0.015339
 0.014443
 0.018935
 0.016818
 0.019755
 0.021428
 0.020623
 0.015371
 0.015491
 0.015558
 0.018076
 0.015592
 0.020540
 0.024977
 0.018933
 0.017336
 0.018634
 0.016829
 0.017081
 0.017486
 0.020749
 0.018410
 0.019041
 0.020422
 0.016807
 0.017092
 0.020405
 0.021207
 0.016935
 0.021980
 0.016849
 0.017651
 0.017780
 0.018066
 0.017020
 0.020745
 0.020152
 0.021646
 0.015506
 0.016392
 0.021666
 0.012435
 0.017240
 0.019893
 0.016027
 0.023778
 0.016910
 0.018160
 0.015800
 0.017567
 0.018099
 0.019106
 0.019540
 0.018922
 0.018009
 0.019153
 0.016612
 0.020754
 0.017769
 0.015810
 0.016882
 0.016485
 0.017361
 0.013557
 0.014666
 0.012720
 0.019969
 0.019703
 0.018846
 0.014754
 0.019114
 0.017596
 0.016405
 0.015973
 0.018784
 0.017850
 0.017471
 0.015501
 0.016008
 0.014402
 0.014900
 0.014306
 0.020136
 0.029528
 0.020667
 0.014030
 0.017256
 0.015540
 0.019578
 0.021689
 0.016869
 0.020526
 0.018658
 0.020893
 0.015555
 0.015909
 0.014988
 0.016829
 0.016676
 0.014980
 0.014701
 0.014575
 0.020086
 0.017319
 0.022467
 0.032498
 0.017920
 0.019463
 0.020575
 0.017442
 0.021484
 0.021276
 0.023497
 0.016236
 0.015873
 0.020697
 0.020156
 0.019531
 0.016143
 0.015458
 0.014923
 0.016538
 0.019347
 0.016215
 0.016381
 0.016315
 0.014451
 0.016191
 0.023546
 0.019749
 0.015493
 0.015423
 0.021438
 0.021784
 0.017504
 0.015546
 0.015518
 0.014369
 0.014693
 0.014558
 0.014163
 0.014868
 0.017455
 0.022521
 0.019528
 0.015885
 0.020012
 0.014089
 0.024213
 0.016656
 0.016934
 0.015780
 0.013591
 0.018509
 0.017063
 0.018192
 0.012769
 0.019977
 0.014602
 0.014855
 0.016157
 0.013802
 0.019534
 0.017796
 0.020263
 0.014211
 0.017700
 0.017578
 0.018409
 0.014702
 0.018689
 0.018817
 0.018868
 0.013788
 0.018252
 0.018113
 0.018032
 0.019099
 0.017117
 0.019721
 0.017308
 0.014792
 0.016762
 0.017298
 0.016051
 0.011845
 0.013459
 0.015898
 0.015707
 0.018253
 0.016949
 0.019612
 0.013809
 0.018305
 0.023399
 0.025314
 0.017490
 0.021966
 0.016731
 0.016423
 0.016241
 0.022999
 0.017397
 0.022680
 0.014538
 0.017821
 0.009961
 0.013655
 0.012034
 0.013398
 0.014618
 0.018164
 0.017172
 0.017326
 0.019548
 0.019889
 0.019360
 0.019957
 0.017688
 0.019912
 0.020497
 0.015842
 0.020089
 0.020197
 0.020782
 0.014281
 0.014248
 0.017563
 0.018609
 0.015369
 0.016212
 0.018321
 0.012450
 0.018623
 0.014611
 0.017893
 0.014909
 0.017635
 0.016627
 0.017796
 0.017213
 0.017699
 0.012248
 0.018148
 0.022321
 0.024899
 0.019810
 0.024558
 0.021699
 0.022434
 0.024976
 0.022478
 0.021991
 0.032375
 0.024788
 0.020352
 0.031389
 0.023878
 0.027327
 0.025736
 0.026777
 0.020241
 0.029790
 0.022787
 0.023948
 0.019836
 0.018260
 0.022789
 0.016108
 0.020087
 0.020673
 0.019619
 0.016552
 0.017965
 0.021321
 0.019249
 0.014685
 0.017969
 0.017103
 0.019617
 0.019744
 0.021892
 0.019808
 0.030653
 0.020133
 0.018203
 0.022378
 0.022374
 0.017589
 0.023460
 0.017098
 0.021833
 0.020788
 0.019150
 0.017322
 0.006135
 0.014872
 0.011753
 0.011121
 0.010347
 0.014008
 0.010418
 0.011989
 0.011732
 0.011404
 0.011073
 0.013288
 0.011659
 0.008869
 0.009638
 0.009698
 0.013391
 0.014203
 0.010916
 0.012391
 0.010808
 0.009736
 0.009971
 0.012555
 0.010124
 0.011461
 0.009530
 0.013304
 0.009105
 0.009426
 0.007079
 0.011790
 0.013421
 0.014983
 0.006816
 0.014049
 0.013668
 0.007336
 0.009970
 0.010260
 0.008446
 0.017088
 0.010560
 0.009392
 0.010982
 0.012721
 0.013715
 0.011710
 0.010055
 0.010688
 0.010105
 0.014088
 0.014953
 0.007406
 0.012340
 0.010354
 0.008164
 0.012276
 0.010153
 0.007615
 0.010307
 0.016080
 0.011184
 0.007830
 0.012635
 0.006274
 0.014594
 0.013105
 0.008055
 0.016743
 0.014538
 0.009637
 0.009102
 0.015900
 0.007610
 0.010290
 0.010092
 0.008273
 0.013154
 0.006820
 0.017951
 0.014584
 0.012590
 0.015004
 0.008675
 0.011450
 0.012954
 0.012989
 0.016322
 0.018941
 0.014849
 0.017304
 0.019631
 0.014540
 0.013002
 0.025503
 0.012176
 0.011389
 0.007730
 0.014512
 0.010922
 0.007446
 0.015955
 0.010222
 0.010974
 0.008521
 0.012591
 0.008988
 0.023126
 0.008338
 0.006682
 0.007602
 0.010663
 0.012192
 0.009140
 0.007546
 0.007243
 0.011724
 0.006999
 0.010658
 0.010353
 0.011777
 0.006730
 0.014559
 0.009990
 0.009455
 0.013421
 0.007100
 0.008790
 0.007107
 0.013557
 0.006311
 0.007762
 0.008058
 0.008673
 0.009473
 0.007193
 0.007792
 0.014083
 0.013667
 0.012544
 0.011229
 0.009043
 0.009963
 0.013553
 0.006482
 0.010860
 0.006863
 0.006765
 0.007348
 0.007503
 0.013630
 0.011797
 0.012384
 0.010965
 0.009733
 0.006800
 0.009336
 0.011541
 0.005996
 0.012003
 0.011799
 0.006829
 0.010231
 0.010389
 0.013516
 0.012086
 0.008152
 0.009470
 0.007661
 0.008485
 0.014096
 0.009121
 0.011772
 0.010953
 0.009295
 0.012592
 0.013555
 0.009280
 0.008197
 0.009831
 0.007480
 0.011291
 0.013351
 0.008362
 0.012989
 0.014523
 0.006480
 0.012589
 0.012165
 0.007787
 0.007063
 0.006464
 0.011256
 0.007745
 0.010027
 0.007664
 0.011619
 0.021262
 0.011039
 0.012120
 0.010761
 0.006370
 0.009657
 0.009316
 0.007970
 0.011009
 0.011192
 0.011052
 0.010902
 0.013476
 0.011637
 0.007647
 0.011696
 0.010169
 0.007950
 0.011486
 0.010076
 0.008047
 0.007523
 0.009311
 0.010229
 0.013932
 0.010492
 0.012246
 0.013126
 0.008695
 0.006547
 0.008906
 0.009524
 0.014361
 0.007173
 0.009118
 0.008326
 0.007306
 0.008485
 0.006972
 0.012427
 0.015769
 0.006714
 0.008239
 0.009042
 0.010599
 0.018196
 0.007816
 0.010204
 0.008478
 0.011356
 0.011442
 0.007062
 0.011923
 0.006623
 0.008103
 0.010874
 0.007754
 0.011726
 0.006469
 0.010899
 0.011254
 0.007746
 0.013311
 0.012065
 0.009317
 0.007973
 0.007659
 0.005951
 0.010252
 0.007904
 0.008410
 0.006291
 0.007398
 0.008678
 0.011569
 0.011318
 0.006087
 0.006759
 0.007913
 0.007602
 0.010917
 0.007914
 0.012234
 0.005677
 0.008925
 0.006383
 0.007444
 0.008513
 0.006405
 0.006381
 0.013753
 0.006110
 0.009855
 0.008527
 0.010195
 0.010904
 0.005977
 0.009575
 0.008693
 0.008175
 0.008210
 0.010371
 0.006839
 0.008704
 0.010529
 0.017543
 0.008834
 0.011588
 0.008666
 0.006714
 0.006592
 0.012701
 0.019536
 0.012907
 0.017475
 0.022457
 0.015768
 0.015587
 0.024886
 0.018424
 0.015740
 0.007110
 0.010522
 0.012409
 0.004801
 0.013103
 0.014676
 0.005790
 0.007982
 0.011124
 0.007766
 0.007828
 0.008475
 0.011433
 0.009871
 0.009313
 0.010727
 0.008713
 0.008758
 0.012476
 0.010104
 0.010196
 0.006694
 0.013523
 0.013982
 0.010392
 0.012742
 0.009450
 0.006174
 0.015745
 0.013203
 0.008483
 0.009554
 0.011771
 0.007549
 0.009642
 0.010424
 0.006821
 0.014203
 0.013232
 0.010448
 0.009915
 0.010027
 0.007446
 0.011533
 0.011248
 0.010171
 0.008799
 0.012713
 0.011478
 0.008902
 0.013714
 0.006317
 0.009516
 0.012395
 0.010202
 0.009271
 0.011407
 0.009921
2338 frames decoded in toal.
