Configure resampler: libSwResample
 0.012004
 0.025143
 0.028798
 0.017924
 0.024331
 0.016788
 0.031937
 0.017645
 0.022756
 0.036213
 0.012450
 0.013727
 0.021113
 0.017020
 0.014430
 0.018214
 0.015265
 0.018372
 0.014134
 0.014790
 0.015841
 0.018782
 0.015317
 0.016117
 0.017339
 0.015665
 0.012775
 0.017674
 0.011445
 0.015716
 0.012701
 0.016089
 0.015312
 0.013177
 0.011146
 0.013851
 0.013647
 0.011827
 0.015848
 0.020842
 0.016832
 0.012946
 0.019188
 0.013657
 0.015319
 0.017581
 0.021585
 0.010153
 0.017433
 0.028788
 0.022389
 0.013232
 0.015569
 0.014416
 0.009923
 0.010107
 0.017520
 0.019011
 0.020708
 0.015276
 0.017019
 0.015730
 0.015810
 0.015156
 0.015529
 0.016088
 0.012745
 0.014124
 0.018130
 0.017654
 0.016411
 0.017283
 0.015768
 0.016384
 0.018401
 0.013190
 0.016272
 0.012158
 0.014378
 0.012843
 0.010619
 0.016373
 0.014252
 0.012231
 0.011338
 0.008903
 0.018014
 0.029593
 0.015163
 0.010896
 0.015894
 0.015808
 0.016895
 0.014493
 0.012840
 0.016481
 0.016775
 0.012511
 0.021005
 0.011665
 0.013112
 0.016057
 0.012039
 0.012622
 0.012351
 0.013038
 0.016683
 0.016597
 0.016210
 0.015305
 0.017878
 0.012900
 0.017231
 0.013935
 0.012354
 0.004008
 0.006000
 0.010928
 0.018424
 0.033908
 0.017864
 0.016567
 0.011552
 0.019207
 0.016533
 0.016051
 0.014632
 0.013200
 0.016785
 0.013836
 0.012969
 0.013873
 0.019745
 0.012478
 0.016454
 0.014866
 0.012093
 0.017218
 0.021080
 0.015386
 0.016721
 0.020582
 0.014691
 0.016083
 0.020225
 0.018501
 0.011452
 0.022947
 0.019719
 0.013118
 0.015754
 0.017268
 0.014860
 0.017593
 0.014257
 0.013404
 0.013689
 0.012223
 0.014537
 0.010795
 0.011175
 0.012738
 0.014445
 0.011046
 0.010973
 0.013963
 0.019478
 0.014899
 0.019583
 0.012365
 0.016079
 0.020119
 0.015068
 0.013711
 0.017560
 0.012804
 0.008666
 0.013083
 0.012103
 0.011382
 0.008756
 0.011094
 0.014759
 0.009951
 0.009260
 0.006379
 0.005602
 0.025611
 0.031503
 0.010926
 0.009563
 0.012168
 0.011036
 0.010426
 0.023309
 0.015864
 0.011172
 0.016083
 0.011356
 0.015188
 0.016343
 0.010159
 0.010315
 0.011624
 0.011517
 0.011974
 0.018057
 0.011429
 0.013129
 0.016331
 0.014868
 0.011092
 0.012251
 0.012041
 0.014651
 0.011924
 0.011355
 0.016180
 0.010847
 0.012436
 0.016193
 0.014726
 0.015086
 0.011395
 0.017748
 0.013561
 0.016062
 0.010522
 0.013842
 0.015922
 0.008468
 0.010743
 0.014744
 0.015677
 0.011675
 0.012611
 0.015906
 0.009745
 0.012162
 0.044841
 0.012606
 0.016713
 0.014271
 0.017001
 0.012988
 0.015492
 0.022418
 0.014369
 0.014806
 0.017250
 0.012045
 0.012109
 0.022468
 0.016778
 0.012697
 0.017070
 0.014783
 0.012741
 0.017837
 0.015830
 0.016080
 0.017445
 0.016682
 0.011411
 0.015495
 0.013830
 0.012956
 0.011558
 0.022376
 0.013226
 0.016189
 0.014187
 0.011387
 0.011776
 0.018404
 0.010925
 0.010860
 0.012635
 0.011429
 0.010768
 0.015878
 0.011593
 0.010610
 0.021883
 0.011275
 0.012866
 0.013760
 0.014579
 0.011860
 0.012391
 0.015731
 0.016250
 0.013359
 0.015589
 0.011296
 0.014115
 0.012055
 0.011820
 0.018553
 0.012467
 0.016595
 0.014719
 0.011098
 0.015753
 0.011610
 0.013096
 0.010887
 0.020783
 0.012674
 0.013528
 0.014878
 0.012256
 0.013446
 0.026586
 0.014149
 0.017369
 0.015404
 0.011625
 0.012592
 0.013458
 0.011322
 0.014620
 0.011773
 0.011155
 0.015315
 0.015482
 0.019528
 0.011810
 0.020537
 0.014287
 0.012749
 0.013009
 0.015279
 0.010906
 0.012587
 0.015636
 0.012851
 0.016636
 0.012147
 0.015526
 0.012812
 0.011083
 0.012007
 0.019793
 0.011139
 0.013614
 0.012722
 0.011906
 0.012223
 0.015688
 0.011618
 0.012621
 0.012283
 0.012236
 0.011737
 0.010583
 0.015943
 0.012763
 0.012101
 0.041564
 0.011910
 0.014893
 0.012281
 0.011643
 0.016440
 0.015825
 0.022315
 0.013554
 0.012046
 0.014626
 0.012502
 0.016489
 0.025647
 0.011196
 0.017384
 0.014509
 0.012491
 0.011605
 0.014595
 0.015808
 0.012550
 0.011099
 0.010673
 0.011085
 0.012520
 0.014969
 0.010668
 0.019303
 0.016083
 0.012913
 0.014197
 0.012203
 0.010818
 0.017104
 0.015688
 0.012020
 0.013938
 0.012346
 0.011042
 0.012418
 0.012701
 0.015749
 0.019166
 0.011187
 0.012288
 0.013715
 0.011593
 0.011748
 0.012220
 0.012726
 0.015688
 0.012041
 0.011971
 0.011383
 0.015136
 0.017142
 0.014470
 0.017641
 0.014961
 0.012876
 0.013335
 0.012135
 0.012096
 0.013107
 0.012576
 0.013011
 0.020986
 0.016080
 0.012078
 0.014122
 0.010648
 0.014250
 0.023693
 0.012419
 0.012053
 0.013449
 0.011982
 0.010487
 0.017198
 0.010918
 0.013419
 0.015473
 0.011185
 0.015417
 0.015829
 0.012171
 0.011515
 0.017253
 0.013078
 0.015872
 0.015440
 0.011727
 0.013394
 0.014298
 0.012497
 0.012152
 0.012578
 0.014335
 0.011746
 0.014211
 0.014913
 0.019909
 0.020462
 0.011473
 0.012653
 0.016620
 0.012021
 0.016722
 0.014471
 0.014435
 0.015668
 0.014775
 0.015880
 0.010934
 0.013428
 0.012475
 0.014994
 0.009368
 0.014857
 0.029436
 0.010828
 0.011366
 0.015527
 0.011964
 0.015374
 0.015757
 0.016918
 0.014649
 0.015175
 0.011992
 0.013966
 0.013012
 0.018577
 0.014685
 0.015236
 0.015957
 0.011060
 0.015726
 0.016478
 0.010058
 0.011289
 0.015749
 0.009433
 0.017700
 0.020848
 0.026723
 0.008250
 0.012992
 0.011895
 0.015251
 0.012568
 0.011470
 0.011236
 0.014866
 0.019162
 0.012308
 0.016007
 0.014186
 0.015457
 0.016606
 0.011864
 0.011343
 0.022005
 0.014077
 0.011124
 0.016739
 0.013025
 0.014502
 0.016612
 0.015919
 0.014880
 0.024289
 0.016230
 0.015482
 0.015471
 0.014043
 0.015128
 0.012756
 0.012089
 0.018444
 0.018450
 0.013918
 0.015295
 0.011412
 0.010610
 0.014736
 0.011548
 0.015456
 0.012894
 0.018390
 0.012139
 0.016439
 0.022955
 0.016838
 0.012103
 0.015839
 0.012192
 0.012913
 0.014863
 0.015681
 0.011820
 0.010617
 0.014663
 0.011929
 0.011682
 0.012542
 0.016411
 0.011521
 0.013155
 0.021947
 0.018756
 0.016775
 0.010725
 0.011642
 0.013417
 0.009084
 0.011791
 0.010669
 0.008934
 0.011334
 0.007687
 0.004649
 0.006358
 0.010506
 0.009926
 0.009088
 0.012248
 0.014751
 0.006059
 0.009352
 0.014106
 0.006779
 0.010947
 0.010821
 0.011398
 0.009521
 0.008394
 0.010645
 0.009754
 0.006635
 0.014217
 0.012899
 0.012300
 0.006270
 0.014001
 0.013436
 0.013276
 0.013191
 0.010528
 0.009778
 0.013549
 0.014225
 0.010916
 0.006907
 0.010645
 0.013985
 0.006860
 0.015115
 0.013944
 0.006396
 0.013018
 0.011938
 0.009910
 0.010645
 0.012131
 0.011960
 0.007571
 0.012708
 0.014176
 0.011458
 0.016702
 0.016513
 0.015725
 0.016124
 0.017210
 0.011123
 0.013679
 0.012419
 0.013874
 0.014364
 0.016601
 0.015153
 0.018864
 0.018640
 0.018518
 0.014327
 0.015400
 0.013117
 0.014158
 0.018495
 0.014703
 0.017482
 0.020211
 0.018606
 0.015798
 0.015264
 0.018822
 0.019938
 0.016386
 0.012931
 0.013707
 0.013210
 0.015322
 0.017513
 0.015698
 0.014113
 0.013098
 0.016013
 0.014138
 0.017124
 0.017712
 0.012658
 0.016977
 0.022411
 0.018486
 0.017105
 0.014637
 0.019586
 0.019276
 0.018977
 0.013132
 0.014170
 0.017285
 0.015333
 0.018492
 0.016874
 0.014323
 0.006140
 0.007808
 0.008376
 0.006656
 0.013347
 0.011185
 0.011456
 0.009220
 0.010025
 0.007048
 0.012655
 0.012272
 0.013755
 0.016211
 0.016407
 0.015656
 0.020223
 0.018306
 0.018996
 0.022182
 0.020057
 0.017854
 0.016868
 0.018809
 0.016344
 0.018809
 0.019770
 0.016227
 0.016314
 0.015847
 0.017715
 0.014008
 0.016031
 0.015779
 0.017013
 0.015193
 0.017554
 0.017084
 0.013982
 0.016223
 0.014761
 0.013865
 0.014943
 0.018764
 0.014501
 0.014671
 0.015882
 0.016886
 0.016552
 0.023098
 0.019455
 0.020206
 0.022706
 0.021670
 0.019650
 0.021398
 0.019311
 0.020833
 0.025459
 0.022122
 0.019907
 0.018086
 0.021935
 0.023496
 0.019900
 0.018860
 0.021040
 0.020663
 0.013208
 0.017642
 0.016622
 0.016395
 0.013562
 0.014923
 0.020331
 0.015216
 0.017815
 0.016957
 0.017412
 0.015739
 0.016608
 0.018169
 0.017231
 0.013987
 0.014434
 0.016986
 0.013489
 0.014861
 0.016263
 0.016516
 0.015014
 0.019598
 0.014092
 0.015159
 0.016895
 0.015828
 0.017888
 0.015607
 0.014083
 0.011678
 0.016291
 0.015461
 0.016356
 0.013541
 0.014305
 0.018581
 0.018741
 0.017095
 0.017332
 0.015590
 0.012622
 0.018773
 0.039722
 0.019041
 0.029393
 0.028297
 0.019869
 0.025263
 0.020204
 0.023143
 0.022272
 0.026657
 0.021823
 0.026692
 0.021721
 0.022163
 0.018667
 0.020779
 0.022224
 0.023779
 0.019736
 0.023419
 0.018065
 0.020639
 0.019022
 0.024351
 0.019083
 0.021980
 0.017661
 0.013794
 0.018321
 0.014951
 0.014758
 0.017345
 0.014628
 0.016479
 0.016107
 0.017867
 0.018673
 0.017804
 0.014207
 0.012067
 0.023448
 0.013549
 0.028610
 0.022527
 0.019475
 0.013857
 0.021699
 0.014734
 0.018849
 0.014829
 0.018605
 0.016992
 0.018194
 0.014405
 0.016262
 0.014201
 0.016574
 0.013742
 0.009609
 0.020956
 0.017519
 0.025196
 0.020949
 0.019520
 0.018083
 0.016386
 0.016540
 0.018980
 0.014607
 0.016759
 0.016572
 0.016235
 0.019028
 0.014731
 0.013691
 0.013388
 0.018263
 0.014812
 0.017985
 0.023325
 0.018010
 0.015079
 0.014289
 0.018726
 0.018979
 0.013228
 0.015018
 0.018205
 0.018798
 0.015479
 0.018474
 0.014192
 0.014560
 0.014499
 0.016798
 0.017613
 0.017300
 0.017603
 0.014169
 0.014527
 0.008728
 0.010454
 0.010314
 0.011893
 0.013855
 0.015676
 0.017169
 0.011789
 0.011663
 0.015426
 0.013794
 0.014490
 0.016848
 0.014190
 0.018320
 0.012786
 0.016612
 0.018203
 0.017938
 0.012989
 0.015854
 0.017838
 0.017503
 0.014818
 0.017733
 0.012934
 0.012834
 0.014575
 0.017304
 0.018588
 0.014004
 0.018307
 0.016400
 0.023855
 0.018223
 0.020245
 0.021162
 0.014711
 0.019008
 0.015317
 0.021495
 0.018469
 0.022050
 0.018442
 0.017499
 0.021471
 0.017353
 0.021301
 0.020626
 0.022206
 0.016919
 0.018688
 0.018026
 0.026979
 0.015813
 0.022831
 0.018205
 0.015258
 0.014197
 0.013182
 0.020591
 0.018293
 0.017861
 0.015751
 0.017764
 0.013167
 0.015905
 0.018701
 0.013296
 0.011459
 0.023997
 0.016090
 0.019679
 0.018592
 0.021263
 0.022564
 0.019887
 0.016845
 0.021518
 0.021377
 0.018130
 0.021231
 0.020444
 0.008437
 0.015929
 0.017532
 0.007183
 0.014369
 0.014105
 0.016179
 0.022762
 0.015699
 0.024451
 0.014095
 0.015370
 0.023419
 0.018679
 0.012797
 0.021092
 0.016788
 0.013437
 0.015670
 0.017831
 0.017365
 0.013287
 0.016515
 0.021510
 0.019944
 0.018615
 0.016565
 0.016239
 0.018051
 0.019189
 0.019713
 0.019305
 0.016988
 0.020713
 0.018456
 0.017795
 0.020396
 0.015486
 0.016259
 0.014705
 0.020774
 0.016517
 0.016979
 0.019021
 0.018354
 0.015660
 0.024359
 0.027302
 0.018485
 0.016967
 0.021425
 0.021149
 0.019448
 0.016142
 0.019403
 0.021060
 0.016658
 0.016603
 0.020413
 0.019888
 0.016883
 0.017428
 0.016782
 0.020396
 0.007275
 0.013345
 0.019145
 0.006645
 0.014055
 0.016017
 0.015784
 0.016885
 0.017488
 0.013768
 0.019502
 0.017918
 0.016253
 0.027140
 0.013758
 0.014880
 0.017481
 0.018030
 0.014410
 0.014380
 0.019054
 0.014268
 0.019525
 0.015913
 0.016043
 0.017919
 0.018196
 0.016463
 0.016205
 0.018985
 0.019785
 0.018720
 0.019315
 0.023790
 0.017590
 0.020087
 0.020619
 0.021068
 0.020596
 0.019250
 0.019395
 0.018818
 0.020238
 0.021644
 0.021288
 0.019042
 0.019524
 0.020618
 0.018676
 0.020064
 0.016274
 0.019946
 0.019635
 0.020814
 0.017983
 0.015741
 0.019422
 0.016441
 0.019106
 0.014986
 0.016206
 0.023957
 0.013700
 0.016732
 0.017864
 0.017831
 0.016644
 0.016445
 0.018825
 0.011049
 0.015916
 0.014620
 0.017105
 0.016076
 0.015945
 0.012621
 0.015826
 0.015079
 0.016091
 0.017498
 0.005107
 0.006835
 0.011796
 0.017032
 0.025200
 0.028345
 0.038834
 0.017815
 0.015722
 0.048440
 0.012254
 0.043955
 0.010811
 0.036542
 0.015249
 0.017688
 0.025518
 0.019016
 0.020904
 0.027828
 0.018617
 0.022100
 0.014608
 0.017141
 0.026492
 0.020053
 0.014795
 0.017155
 0.021324
 0.016465
 0.018630
 0.015368
 0.017948
 0.017710
 0.017084
 0.017183
 0.017594
 0.018436
 0.017959
 0.014954
 0.017431
 0.018342
 0.020202
 0.017119
 0.015950
 0.014679
 0.016922
 0.015046
 0.014632
 0.016329
 0.015142
 0.012913
 0.036766
 0.020494
 0.017330
 0.021849
 0.019887
 0.019824
 0.018626
 0.022406
 0.015426
 0.012797
 0.017866
 0.013645
 0.018275
 0.016161
 0.019492
 0.013490
 0.014249
 0.017134
 0.018104
 0.015172
 0.017494
 0.028476
 0.020323
 0.020672
 0.016836
 0.016569
 0.015267
 0.015958
 0.015801
 0.017129
 0.013177
 0.009518
 0.012581
 0.017923
 0.015599
 0.018888
 0.019077
 0.015579
 0.016482
 0.016730
 0.015729
 0.018777
 0.018405
 0.018864
 0.020065
 0.016901
 0.016333
 0.018606
 0.018705
 0.018817
 0.021709
 0.019556
 0.020020
 0.015177
 0.015990
 0.018298
 0.018942
 0.014586
 0.014605
 0.013863
 0.013989
 0.012587
 0.013030
 0.012984
 0.014394
 0.017099
 0.017164
 0.012552
 0.013433
 0.016922
 0.014640
 0.018125
 0.013454
 0.013094
 0.013566
 0.014752
 0.012875
 0.012274
 0.008632
 0.007142
 0.011287
 0.009877
 0.007448
 0.010105
 0.011127
 0.006780
 0.010054
 0.010189
 0.006470
 0.009989
 0.010931
 0.011590
 0.012745
 0.009910
 0.012044
 0.014519
 0.014508
 0.018866
 0.015937
 0.018722
 0.017936
 0.018569
 0.014620
 0.015029
 0.014115
 0.015089
 0.013455
 0.019041
 0.015294
 0.016423
 0.014471
 0.013979
 0.014684
 0.013868
 0.014798
 0.018700
 0.017319
 0.018144
 0.014603
 0.014379
 0.014255
 0.017106
 0.014852
 0.019205
 0.014680
 0.014238
 0.014625
 0.015942
 0.017707
 0.026737
 0.025105
 0.015354
 0.020102
 0.017324
 0.020992
 0.020583
 0.021536
 0.018522
 0.015463
 0.019534
 0.020631
 0.018069
 0.018480
 0.014574
 0.016035
 0.018804
 0.018309
 0.014273
 0.016050
 0.017087
 0.015733
 0.019878
 0.018625
 0.015800
 0.015728
 0.015619
 0.019027
 0.017172
 0.015329
 0.027408
 0.015501
 0.015046
 0.020009
 0.013858
 0.018423
 0.014791
 0.023637
 0.019287
 0.017826
 0.018381
 0.017948
 0.015140
 0.015913
 0.019795
 0.016040
 0.015266
 0.015488
 0.014032
 0.018151
 0.015570
 0.012565
 0.011726
 0.014531
 0.013599
 0.011481
 0.013638
 0.009992
 0.006514
 0.010687
 0.014422
 0.010345
 0.010497
 0.010304
 0.008615
 0.009526
 0.009945
 0.011126
 0.016277
 0.013115
 0.013870
 0.019890
 0.019633
 0.018440
 0.022713
 0.017102
 0.019198
 0.017677
 0.016367
 0.016621
 0.017898
 0.017699
 0.014957
 0.016809
 0.017698
 0.017155
 0.015445
 0.016514
 0.013811
 0.016134
 0.025577
 0.012687
 0.017676
 0.016960
 0.018734
 0.015409
 0.013798
 0.013566
 0.014382
 0.018063
 0.018785
 0.013750
 0.017985
 0.015590
 0.018868
 0.019225
 0.016128
 0.018678
 0.014205
 0.015519
 0.017266
 0.016198
 0.012704
 0.013774
 0.012239
 0.013059
 0.019227
 0.017800
 0.017615
 0.015426
 0.019772
 0.019194
 0.015808
 0.018884
 0.019315
 0.012992
 0.020035
 0.014990
 0.013607
 0.014791
 0.013980
 0.013279
 0.021448
 0.013892
 0.017755
 0.013447
 0.012588
 0.018179
 0.014804
 0.013684
 0.022316
 0.013420
 0.017331
 0.014671
 0.019658
 0.014920
 0.012865
 0.019060
 0.011783
 0.017717
 0.018934
 0.016858
 0.018174
 0.017219
 0.016324
 0.015099
 0.017002
 0.018505
 0.015409
 0.020493
 0.020634
 0.014895
 0.016272
 0.022094
 0.016847
 0.021038
 0.019226
 0.017318
 0.013207
 0.015870
 0.013496
 0.014607
 0.014727
 0.018413
 0.020328
 0.023943
 0.020080
 0.020752
 0.017358
 0.021094
 0.021530
 0.016906
 0.017454
 0.016325
 0.015010
 0.014899
 0.016029
 0.018811
 0.014672
 0.014818
 0.014376
 0.017180
 0.015233
 0.019545
 0.019815
 0.017270
 0.015043
 0.015693
 0.017257
 0.019391
 0.019274
 0.019128
 0.016165
 0.019827
 0.017769
 0.021881
 0.020690
 0.021236
 0.021929
 0.019080
 0.019032
 0.020484
 0.017684
 0.017928
 0.025552
 0.022869
 0.020758
 0.015622
 0.015932
 0.014424
 0.013919
 0.013075
 0.014517
 0.013482
 0.015761
 0.017263
 0.015119
 0.010947
 0.016095
 0.017071
 0.014052
 0.013993
 0.016504
 0.008273
 0.013545
 0.007383
 0.014600
 0.009779
 0.007779
 0.009298
 0.009170
 0.008564
 0.014293
 0.009819
 0.008031
 0.010760
 0.009992
 0.008454
 0.014743
 0.010315
 0.008232
 0.009028
 0.007903
 0.008380
 0.016143
 0.013598
 0.013472
 0.015919
 0.015516
 0.016572
 0.017308
 0.016829
 0.012972
 0.012632
 0.015272
 0.013493
 0.012388
 0.016992
 0.012376
 0.012835
 0.014585
 0.017047
 0.017101
 0.013559
 0.011273
 0.015329
 0.015111
 0.017998
 0.014413
 0.013877
 0.013962
 0.018378
 0.015242
 0.014572
 0.014382
 0.017275
 0.014964
 0.013910
 0.012347
 0.015160
 0.017359
 0.013265
 0.012568
 0.013429
 0.017288
 0.017478
 0.012736
 0.017343
 0.019522
 0.017217
 0.014336
 0.017282
 0.016204
 0.018060
 0.017421
 0.018406
 0.015424
 0.016036
 0.016809
 0.014949
 0.019594
 0.014993
 0.023052
 0.015525
 0.018077
 0.014846
 0.020153
 0.018214
 0.016658
 0.014733
 0.014739
 0.015236
 0.015582
 0.015537
 0.019298
 0.015002
 0.019241
 0.019727
 0.017031
 0.018181
 0.018894
 0.018461
 0.015461
 0.014682
 0.015680
 0.019271
 0.020851
 0.018132
 0.018054
 0.023360
 0.020737
 0.022436
 0.017340
 0.019320
 0.021419
 0.020608
 0.020748
 0.020361
 0.017267
 0.019992
 0.015103
 0.017108
 0.017235
 0.024839
 0.015170
 0.016490
 0.017640
 0.016517
 0.015459
 0.015821
 0.018760
 0.013317
 0.014832
 0.014225
 0.017228
 0.013959
 0.019072
 0.016530
 0.017231
 0.019402
 0.015559
 0.016264
 0.023248
 0.016495
 0.017611
 0.022242
 0.018331
 0.018483
 0.022068
 0.017443
 0.019245
 0.017988
 0.023715
 0.016904
 0.019603
 0.020994
 0.021247
 0.017224
 0.018178
 0.017528
 0.021145
 0.017589
 0.021808
 0.018583
 0.021180
 0.016374
 0.015690
 0.015612
 0.016181
 0.019197
 0.013236
 0.017424
 0.015746
 0.018370
 0.014801
 0.019067
 0.016758
 0.014744
 0.014317
 0.015276
 0.020141
 0.017845
 0.014818
 0.019181
 0.019345
 0.020813
 0.014574
 0.021258
 0.019619
 0.019959
 0.016912
 0.017701
 0.014974
 0.018554
 0.016458
 0.018696
 0.019666
 0.020497
 0.019092
 0.019618
 0.017457
 0.018274
 0.020067
 0.020840
 0.018263
 0.020700
 0.018546
 0.019972
 0.014541
 0.020439
 0.017357
 0.016104
 0.026113
 0.020338
 0.019483
 0.019592
 0.020834
 0.019921
 0.020131
 0.026064
 0.022212
 0.020551
 0.017065
 0.018371
 0.018167
 0.016164
 0.019492
 0.019505
 0.020017
 0.016117
 0.019961
 0.018878
 0.018984
 0.019943
 0.029200
 0.021769
 0.017826
 0.020232
 0.021836
 0.021168
 0.024641
 0.021811
 0.020396
 0.020158
 0.019674
 0.020913
 0.021559
 0.019519
 0.013481
 0.019228
 0.020006
 0.021904
 0.020714
 0.019706
 0.017824
 0.019640
 0.019549
 0.019698
 0.015191
 0.020400
 0.019677
 0.020873
 0.019464
 0.014689
 0.018887
 0.013945
 0.019026
 0.018921
 0.018594
 0.019016
 0.018760
 0.018631
 0.021144
 0.014984
 0.018202
 0.019844
 0.018226
 0.020305
 0.019044
 0.020252
 0.019822
 0.017812
 0.017294
 0.014811
 0.017912
 0.018830
 0.018444
 0.018700
 0.014726
 0.020252
 0.018581
 0.018082
 0.019152
 0.019350
 0.017796
 0.017464
 0.016749
 0.014121
 0.012322
 0.017847
 0.018135
 0.013447
 0.014727
 0.012965
 0.017397
 0.017699
 0.021568
 0.017202
 0.014782
 0.011111
 0.015608
 0.015908
 0.016302
 0.017295
 0.016838
 0.015773
 0.015475
 0.015509
 0.016593
 0.016341
 0.012441
 0.019317
 0.016555
 0.012827
 0.017440
 0.015901
 0.015737
 0.015927
 0.015409
 0.015318
 0.019006
 0.014890
 0.015710
 0.014378
 0.010940
 0.012396
 0.014367
 0.015565
 0.016193
 0.015717
 0.018162
 0.015834
 0.016874
 0.019010
 0.018360
 0.020584
 0.020381
 0.020023
 0.019211
 0.020854
 0.019987
 0.016801
 0.018824
 0.018732
 0.018764
 0.015065
 0.015806
 0.015307
 0.017600
 0.018092
 0.015161
 0.015813
 0.014296
 0.015887
 0.016890
 0.013714
 0.013233
 0.014712
 0.014382
 0.013316
 0.013470
 0.016896
 0.018560
 0.021951
 0.021163
 0.023290
 0.022749
 0.019257
 0.021364
 0.020898
 0.019386
 0.021069
 0.032853
 0.035656
 0.020917
 0.028790
 0.020740
 0.024957
 0.020885
 0.029900
 0.023192
 0.031870
 0.023850
 0.026839
 0.022757
 0.017550
 0.019434
 0.017729
 0.016650
 0.017292
 0.018638
 0.018627
 0.018346
 0.020282
 0.018867
 0.015728
 0.018064
 0.018300
 0.021128
 0.015568
 0.018060
 0.017244
 0.018592
 0.019950
 0.021000
 0.019891
 0.017745
 0.017269
 0.017557
 0.015843
 0.018291
 0.016307
 0.019938
 0.016772
 0.004945
 0.018204
 0.008405
 0.011053
 0.010237
 0.009042
 0.005743
 0.009895
 0.010724
 0.011059
 0.009645
 0.013018
 0.006972
 0.008685
 0.010224
 0.008865
 0.009264
 0.012670
 0.010379
 0.008175
 0.009920
 0.015249
 0.013064
 0.009274
 0.010205
 0.009493
 0.014729
 0.014166
 0.012661
 0.012336
 0.012937
 0.008954
 0.008947
 0.009952
 0.006958
 0.013371
 0.014252
 0.008371
 0.010881
 0.010477
 0.012507
 0.010189
 0.011056
 0.006787
 0.009522
 0.010205
 0.016464
 0.007224
 0.009209
 0.014894
 0.010964
 0.013029
 0.010453
 0.007396
 0.014445
 0.010149
 0.010465
 0.009487
 0.009875
 0.007752
 0.013589
 0.010178
 0.010637
 0.007315
 0.010046
 0.011164
 0.009322
 0.013740
 0.011020
 0.014003
 0.012629
 0.009514
 0.010567
 0.010784
 0.008665
 0.013243
 0.014368
 0.008172
 0.012078
 0.011253
 0.012031
 0.012181
 0.006409
 0.012818
 0.008769
 0.006377
 0.008716
 0.009907
 0.015299
 0.018080
 0.013272
 0.012290
 0.023401
 0.010015
 0.013040
 0.024840
 0.014685
 0.015255
 0.012127
 0.008541
 0.006247
 0.008135
 0.009740
 0.007345
 0.006724
 0.012167
 0.008252
 0.010434
 0.016321
 0.009991
 0.008052
 0.010266
 0.007463
 0.011278
 0.006056
 0.007270
 0.011455
 0.006799
 0.009110
 0.011294
 0.007951
 0.011458
 0.010626
 0.014932
 0.009469
 0.009700
 0.006622
 0.010063
 0.007366
 0.009482
 0.007313
 0.010118
 0.011527
 0.007971
 0.008196
 0.006581
 0.007972
 0.011211
 0.014003
 0.009043
 0.009310
 0.008817
 0.011516
 0.010581
 0.011710
 0.007812
 0.011531
 0.011295
 0.011468
 0.009970
 0.011354
 0.011586
 0.008593
 0.016942
 0.010584
 0.013627
 0.011143
 0.010481
 0.009223
 0.006498
 0.007016
 0.007408
 0.006293
 0.008439
 0.008695
 0.009899
 0.010117
 0.009123
 0.010387
 0.006037
 0.006805
 0.011442
 0.009876
 0.009872
 0.007398
 0.011546
 0.007268
 0.010474
 0.010250
 0.006550
 0.007273
 0.010476
 0.005648
 0.016872
 0.007950
 0.013692
 0.014007
 0.010442
 0.010959
 0.010040
 0.008008
 0.007011
 0.011045
 0.007199
 0.010499
 0.006084
 0.011690
 0.007363
 0.022684
 0.006257
 0.010942
 0.010254
 0.007768
 0.008048
 0.014298
 0.006609
 0.012255
 0.010789
 0.006769
 0.012927
 0.009963
 0.006442
 0.006786
 0.011746
 0.006940
 0.008721
 0.010888
 0.014025
 0.009803
 0.006848
 0.010554
 0.006370
 0.007874
 0.006513
 0.008085
 0.007260
 0.012189
 0.008230
 0.011243
 0.008991
 0.012586
 0.007694
 0.006431
 0.006556
 0.005826
 0.006737
 0.006222
 0.009428
 0.013498
 0.010937
 0.012818
 0.011552
 0.007437
 0.012146
 0.009279
 0.011383
 0.009789
 0.008334
 0.011369
 0.011414
 0.006489
 0.007711
 0.008059
 0.006099
 0.007335
 0.010180
 0.011217
 0.007106
 0.013261
 0.010292
 0.007876
 0.011182
 0.009913
 0.008424
 0.012259
 0.011112
 0.007609
 0.011194
 0.010768
 0.011081
 0.010905
 0.007009
 0.007559
 0.012108
 0.010879
 0.006461
 0.006995
 0.005789
 0.009360
 0.007157
 0.010598
 0.007419
 0.012745
 0.006570
 0.007823
 0.007445
 0.010902
 0.010674
 0.014400
 0.011383
 0.007094
 0.008282
 0.007896
 0.011743
 0.011313
 0.006671
 0.008140
 0.011553
 0.011646
 0.007483
 0.011950
 0.007670
 0.007294
 0.013475
 0.010467
 0.006068
 0.010299
 0.006808
 0.010472
 0.011305
 0.024950
 0.012023
 0.017106
 0.022367
 0.017390
 0.015329
 0.017345
 0.016047
 0.010573
 0.007116
 0.011792
 0.013097
 0.010195
 0.009499
 0.013569
 0.007233
 0.006789
 0.008228
 0.006560
 0.009826
 0.009186
 0.010147
 0.007901
 0.013257
 0.010348
 0.013581
 0.008285
 0.007074
 0.008941
 0.011543
 0.006039
 0.012337
 0.013271
 0.006549
 0.013305
 0.012632
 0.005474
 0.013206
 0.009202
 0.005535
 0.012786
 0.012386
 0.009751
 0.013493
 0.008342
 0.010711
 0.012947
 0.010065
 0.009542
 0.013333
 0.011806
 0.006341
 0.012726
 0.012605
 0.005082
 0.009154
 0.008612
 0.010485
 0.012928
 0.012256
 0.007561
 0.012917
 0.009828
 0.005991
 0.009725
 0.009519
 0.008572
2338 frames decoded in toal.
