Configure resampler: libSwResample
 0.013554
 0.032330
 0.019977
 0.019334
 0.029285
 0.017881
 0.032974
 0.016825
 0.017964
 0.033225
 0.015960
 0.015370
 0.022804
 0.014133
 0.015573
 0.015628
 0.011432
 0.012802
 0.013385
 0.015425
 0.012100
 0.014007
 0.010959
 0.012262
 0.017633
 0.015831
 0.016061
 0.018342
 0.017593
 0.011227
 0.016358
 0.010293
 0.011878
 0.015204
 0.011754
 0.016582
 0.016351
 0.014201
 0.015677
 0.013179
 0.015855
 0.017683
 0.013432
 0.010240
 0.010382
 0.020202
 0.014752
 0.015224
 0.016563
 0.025024
 0.027144
 0.014681
 0.015978
 0.016236
 0.015769
 0.017345
 0.013897
 0.016656
 0.020939
 0.014994
 0.015182
 0.018701
 0.022110
 0.013058
 0.017016
 0.012855
 0.012017
 0.021963
 0.018416
 0.016701
 0.016775
 0.014900
 0.010948
 0.010762
 0.015370
 0.013250
 0.013619
 0.014269
 0.012078
 0.016764
 0.011642
 0.015339
 0.011397
 0.014099
 0.008549
 0.010224
 0.012674
 0.024294
 0.013396
 0.011519
 0.016637
 0.015520
 0.013116
 0.011196
 0.012539
 0.014841
 0.016963
 0.021813
 0.012977
 0.021219
 0.013158
 0.023628
 0.012223
 0.016838
 0.017021
 0.013230
 0.017049
 0.018878
 0.012537
 0.011581
 0.011576
 0.018205
 0.011522
 0.011579
 0.015979
 0.004914
 0.005974
 0.011023
 0.015707
 0.037751
 0.013542
 0.011999
 0.011560
 0.016165
 0.012314
 0.011053
 0.016875
 0.014760
 0.013629
 0.013834
 0.010768
 0.011377
 0.020456
 0.014916
 0.016787
 0.016712
 0.015549
 0.011242
 0.013692
 0.010500
 0.012782
 0.012648
 0.014564
 0.015332
 0.011152
 0.010978
 0.015532
 0.015439
 0.012339
 0.011056
 0.015798
 0.011143
 0.010596
 0.011853
 0.009861
 0.015809
 0.013772
 0.011988
 0.012279
 0.014757
 0.015822
 0.010964
 0.013394
 0.011838
 0.011672
 0.014492
 0.014169
 0.010623
 0.018524
 0.014350
 0.015517
 0.021144
 0.013564
 0.012853
 0.019245
 0.008541
 0.009467
 0.012563
 0.012593
 0.012424
 0.012174
 0.009606
 0.010447
 0.005791
 0.009030
 0.009926
 0.009335
 0.026270
 0.032396
 0.008073
 0.009162
 0.016160
 0.010659
 0.012011
 0.017537
 0.015864
 0.014479
 0.016868
 0.011649
 0.012605
 0.010763
 0.011230
 0.010370
 0.011868
 0.011030
 0.015159
 0.015867
 0.011745
 0.012193
 0.017057
 0.015523
 0.014581
 0.011665
 0.010912
 0.015138
 0.011480
 0.011901
 0.012151
 0.011844
 0.011394
 0.012309
 0.013054
 0.012699
 0.016270
 0.013593
 0.012368
 0.013403
 0.011306
 0.014975
 0.011914
 0.010022
 0.010790
 0.012336
 0.010561
 0.010721
 0.013940
 0.015671
 0.008652
 0.011571
 0.037512
 0.012121
 0.012154
 0.012824
 0.017106
 0.013475
 0.015946
 0.022460
 0.016262
 0.013956
 0.018838
 0.011041
 0.011931
 0.026470
 0.013838
 0.017335
 0.018606
 0.016696
 0.016408
 0.014683
 0.011859
 0.011723
 0.017661
 0.016032
 0.012895
 0.015957
 0.013128
 0.013728
 0.011532
 0.024165
 0.013527
 0.013737
 0.017679
 0.011400
 0.014582
 0.013279
 0.011624
 0.014192
 0.014593
 0.015341
 0.010157
 0.010984
 0.012206
 0.012268
 0.020112
 0.014709
 0.012289
 0.017524
 0.015906
 0.012012
 0.015748
 0.014079
 0.013301
 0.015186
 0.010530
 0.011074
 0.016555
 0.016067
 0.013259
 0.016987
 0.015125
 0.013101
 0.016609
 0.011587
 0.014310
 0.013013
 0.016706
 0.013913
 0.020418
 0.013470
 0.015110
 0.014705
 0.015339
 0.015812
 0.024064
 0.014481
 0.017009
 0.015665
 0.011609
 0.013175
 0.013497
 0.016063
 0.013438
 0.013461
 0.011117
 0.015608
 0.011461
 0.015183
 0.011848
 0.022280
 0.010132
 0.016166
 0.011296
 0.016076
 0.015146
 0.012489
 0.011065
 0.015359
 0.014708
 0.015834
 0.013708
 0.016595
 0.016542
 0.015083
 0.017024
 0.011299
 0.014724
 0.013419
 0.015940
 0.015385
 0.014399
 0.015250
 0.012020
 0.010761
 0.015821
 0.011148
 0.010593
 0.016312
 0.013666
 0.008489
 0.048329
 0.010351
 0.015536
 0.015589
 0.012191
 0.012906
 0.010916
 0.021485
 0.012290
 0.012326
 0.017711
 0.015155
 0.012984
 0.024818
 0.011811
 0.015128
 0.018122
 0.011919
 0.012679
 0.012747
 0.015495
 0.014541
 0.014859
 0.011368
 0.011650
 0.012897
 0.013680
 0.012524
 0.017715
 0.012987
 0.013635
 0.012445
 0.016145
 0.012456
 0.014416
 0.011764
 0.012403
 0.016389
 0.015356
 0.011950
 0.016513
 0.012324
 0.015430
 0.016838
 0.011450
 0.016378
 0.013503
 0.012368
 0.015407
 0.012246
 0.012414
 0.012398
 0.013946
 0.011276
 0.011259
 0.019152
 0.011218
 0.015657
 0.018965
 0.016183
 0.013113
 0.014767
 0.011608
 0.011878
 0.016354
 0.011580
 0.013850
 0.024960
 0.012948
 0.013705
 0.014329
 0.015240
 0.010668
 0.022668
 0.011070
 0.016630
 0.017820
 0.012760
 0.014597
 0.013480
 0.012384
 0.014009
 0.014250
 0.014542
 0.011708
 0.012144
 0.011719
 0.012398
 0.020254
 0.015594
 0.010853
 0.013649
 0.013413
 0.010838
 0.016261
 0.012178
 0.013274
 0.010928
 0.011106
 0.010769
 0.014558
 0.015249
 0.013627
 0.019871
 0.011797
 0.012703
 0.013128
 0.012759
 0.012715
 0.011734
 0.011587
 0.012238
 0.010963
 0.010905
 0.010903
 0.014134
 0.012021
 0.015309
 0.012951
 0.011996
 0.027295
 0.015609
 0.013931
 0.010005
 0.011259
 0.015565
 0.014117
 0.018697
 0.011744
 0.011545
 0.013688
 0.013893
 0.015588
 0.014060
 0.015830
 0.015492
 0.011872
 0.016594
 0.012030
 0.018123
 0.010782
 0.012663
 0.018188
 0.014206
 0.013049
 0.020896
 0.031340
 0.008400
 0.010556
 0.016381
 0.011770
 0.014147
 0.016488
 0.010933
 0.012626
 0.014600
 0.012618
 0.013443
 0.015744
 0.014390
 0.016274
 0.011745
 0.011672
 0.020023
 0.011429
 0.014914
 0.017230
 0.014097
 0.012883
 0.011043
 0.011684
 0.011508
 0.016207
 0.012477
 0.017390
 0.011281
 0.014859
 0.013860
 0.013003
 0.010810
 0.017463
 0.017378
 0.012194
 0.012333
 0.012978
 0.011943
 0.012434
 0.012925
 0.012018
 0.012074
 0.016514
 0.012280
 0.013086
 0.021152
 0.012421
 0.016884
 0.012978
 0.012677
 0.012684
 0.013190
 0.014358
 0.012238
 0.013685
 0.014988
 0.017021
 0.015585
 0.010359
 0.012128
 0.013345
 0.013803
 0.020395
 0.021551
 0.016570
 0.016000
 0.012698
 0.013660
 0.010094
 0.012370
 0.005639
 0.005268
 0.007526
 0.004679
 0.007507
 0.010108
 0.010718
 0.010582
 0.007197
 0.013165
 0.009657
 0.008895
 0.009862
 0.013575
 0.007860
 0.010031
 0.013616
 0.007537
 0.014122
 0.009501
 0.006964
 0.009614
 0.009795
 0.010002
 0.009761
 0.013086
 0.006906
 0.010629
 0.010164
 0.015769
 0.010378
 0.012836
 0.010537
 0.009203
 0.015670
 0.009693
 0.008601
 0.013555
 0.011031
 0.010298
 0.010652
 0.013760
 0.007026
 0.013002
 0.010166
 0.006332
 0.013605
 0.009601
 0.009894
 0.010921
 0.013066
 0.013979
 0.011052
 0.018252
 0.012370
 0.013945
 0.013685
 0.013397
 0.017665
 0.012472
 0.012844
 0.014898
 0.012750
 0.015050
 0.016844
 0.017908
 0.018694
 0.014017
 0.015363
 0.014496
 0.014753
 0.012875
 0.017788
 0.021239
 0.019275
 0.019473
 0.017776
 0.018790
 0.019007
 0.018393
 0.013584
 0.015148
 0.017725
 0.011991
 0.015923
 0.016899
 0.017763
 0.012340
 0.017457
 0.017757
 0.017374
 0.017182
 0.017675
 0.017519
 0.019435
 0.017480
 0.018632
 0.019071
 0.019218
 0.020630
 0.015084
 0.023244
 0.018479
 0.017867
 0.018708
 0.017919
 0.018570
 0.014838
 0.018309
 0.018470
 0.008271
 0.010584
 0.007337
 0.006661
 0.014252
 0.013394
 0.010731
 0.008652
 0.013890
 0.010306
 0.012930
 0.012189
 0.017718
 0.017980
 0.020294
 0.020471
 0.017145
 0.020928
 0.021204
 0.022054
 0.023545
 0.024228
 0.021586
 0.025246
 0.015998
 0.016649
 0.025544
 0.019478
 0.019990
 0.019719
 0.021119
 0.015023
 0.018933
 0.017783
 0.018543
 0.019158
 0.017497
 0.016587
 0.018257
 0.019282
 0.016900
 0.017658
 0.019658
 0.017798
 0.012590
 0.017949
 0.017529
 0.016710
 0.018246
 0.024593
 0.021856
 0.017313
 0.023501
 0.020717
 0.024020
 0.021222
 0.024623
 0.021252
 0.023553
 0.023009
 0.022001
 0.022784
 0.025717
 0.021157
 0.019795
 0.023627
 0.023422
 0.024206
 0.016837
 0.017219
 0.018348
 0.017900
 0.018129
 0.018415
 0.017090
 0.018010
 0.018729
 0.018120
 0.017037
 0.016521
 0.017572
 0.017987
 0.017830
 0.013417
 0.017361
 0.018640
 0.019944
 0.017880
 0.015858
 0.017568
 0.018198
 0.017366
 0.019448
 0.017643
 0.018633
 0.018936
 0.018718
 0.019830
 0.019244
 0.016056
 0.019277
 0.013303
 0.019045
 0.017415
 0.020710
 0.018615
 0.020016
 0.014337
 0.018719
 0.019077
 0.017156
 0.019003
 0.032827
 0.024412
 0.021711
 0.026592
 0.019018
 0.023593
 0.017934
 0.022458
 0.021334
 0.026354
 0.015651
 0.023358
 0.020856
 0.021354
 0.020601
 0.024101
 0.021477
 0.027093
 0.022013
 0.024386
 0.016657
 0.024719
 0.021895
 0.025140
 0.023409
 0.022670
 0.018161
 0.014664
 0.019726
 0.017207
 0.013430
 0.012861
 0.012828
 0.018585
 0.014801
 0.017854
 0.018512
 0.018062
 0.016120
 0.011881
 0.027314
 0.016030
 0.025088
 0.022258
 0.015749
 0.018704
 0.021479
 0.019067
 0.017176
 0.015288
 0.015178
 0.018685
 0.014810
 0.018181
 0.016108
 0.014364
 0.014503
 0.020253
 0.014572
 0.023127
 0.016201
 0.019838
 0.020253
 0.017805
 0.016171
 0.015145
 0.014058
 0.017278
 0.014825
 0.013747
 0.018081
 0.012996
 0.013291
 0.013509
 0.017939
 0.013147
 0.014500
 0.016260
 0.012719
 0.019744
 0.017793
 0.017793
 0.015545
 0.015047
 0.020210
 0.015000
 0.019157
 0.015187
 0.014500
 0.014350
 0.018268
 0.014912
 0.015490
 0.012855
 0.014599
 0.014876
 0.017177
 0.016135
 0.014264
 0.011534
 0.007231
 0.009292
 0.010154
 0.010689
 0.015219
 0.015652
 0.017414
 0.011410
 0.012764
 0.012976
 0.016660
 0.016557
 0.015582
 0.013916
 0.015248
 0.011613
 0.012481
 0.013972
 0.012796
 0.016290
 0.016391
 0.013448
 0.012986
 0.014053
 0.013243
 0.018083
 0.017279
 0.016590
 0.017458
 0.014135
 0.016232
 0.018356
 0.012587
 0.025846
 0.017674
 0.017914
 0.016278
 0.013324
 0.019412
 0.020521
 0.016838
 0.021768
 0.018264
 0.020758
 0.015873
 0.016889
 0.017626
 0.020383
 0.021272
 0.019206
 0.016192
 0.017450
 0.017397
 0.020729
 0.017343
 0.017524
 0.017754
 0.015284
 0.018817
 0.014415
 0.018083
 0.014434
 0.013869
 0.014244
 0.013742
 0.015919
 0.014594
 0.013548
 0.014562
 0.013891
 0.022699
 0.020423
 0.015756
 0.017675
 0.016685
 0.019962
 0.017205
 0.021687
 0.018322
 0.020026
 0.018401
 0.017484
 0.016326
 0.006677
 0.019632
 0.019061
 0.011900
 0.015221
 0.017928
 0.012968
 0.017515
 0.015426
 0.026456
 0.013498
 0.016486
 0.023250
 0.013596
 0.018260
 0.016533
 0.016506
 0.015473
 0.010068
 0.012940
 0.013137
 0.013895
 0.015185
 0.023403
 0.018629
 0.020155
 0.019183
 0.014899
 0.016111
 0.018192
 0.016321
 0.016126
 0.020063
 0.020147
 0.016482
 0.016201
 0.020390
 0.018524
 0.014121
 0.016284
 0.015524
 0.020379
 0.015602
 0.015114
 0.018167
 0.015871
 0.025256
 0.021391
 0.016088
 0.018722
 0.016702
 0.015954
 0.015703
 0.017358
 0.017351
 0.017217
 0.020846
 0.015195
 0.021764
 0.018929
 0.016207
 0.020142
 0.016073
 0.019058
 0.007958
 0.014509
 0.018746
 0.005332
 0.011644
 0.014678
 0.016732
 0.014446
 0.017689
 0.012864
 0.014396
 0.019470
 0.015812
 0.016968
 0.018083
 0.017726
 0.015203
 0.017465
 0.018992
 0.016484
 0.014863
 0.018143
 0.017529
 0.016232
 0.015681
 0.014741
 0.017346
 0.020260
 0.016018
 0.016852
 0.014749
 0.012748
 0.018296
 0.021323
 0.014548
 0.018947
 0.017264
 0.021380
 0.016011
 0.016112
 0.015496
 0.017366
 0.017668
 0.021627
 0.015469
 0.019181
 0.016105
 0.019164
 0.014715
 0.015199
 0.016838
 0.015995
 0.015231
 0.019435
 0.014724
 0.013587
 0.016410
 0.019385
 0.015546
 0.010996
 0.013093
 0.019795
 0.015306
 0.016225
 0.013938
 0.013310
 0.013497
 0.013587
 0.013686
 0.012223
 0.012845
 0.017321
 0.013257
 0.016810
 0.015596
 0.011693
 0.016894
 0.011040
 0.014677
 0.012471
 0.006253
 0.006683
 0.011845
 0.017043
 0.019691
 0.029164
 0.039479
 0.015039
 0.018312
 0.045306
 0.012317
 0.041972
 0.012199
 0.031822
 0.017479
 0.021172
 0.024898
 0.016796
 0.018207
 0.022627
 0.019311
 0.022617
 0.014204
 0.020020
 0.026228
 0.014879
 0.014940
 0.017352
 0.020970
 0.016080
 0.018143
 0.018967
 0.018824
 0.017017
 0.014585
 0.016967
 0.011976
 0.014608
 0.017459
 0.014682
 0.014258
 0.016830
 0.015523
 0.013968
 0.020310
 0.019276
 0.012145
 0.015709
 0.017734
 0.011930
 0.012195
 0.016885
 0.036707
 0.022482
 0.018036
 0.016216
 0.020401
 0.015357
 0.019288
 0.019087
 0.015119
 0.017987
 0.020189
 0.014423
 0.017296
 0.014899
 0.016200
 0.012749
 0.012437
 0.014916
 0.015837
 0.010482
 0.012318
 0.029175
 0.013968
 0.015930
 0.014340
 0.016321
 0.017008
 0.017376
 0.015294
 0.014457
 0.011485
 0.009829
 0.015760
 0.021359
 0.018057
 0.019010
 0.019367
 0.015748
 0.015474
 0.015640
 0.016367
 0.019466
 0.015781
 0.019870
 0.019111
 0.016792
 0.016640
 0.016449
 0.015701
 0.016121
 0.016954
 0.019952
 0.015826
 0.016756
 0.018788
 0.015234
 0.015040
 0.015343
 0.013176
 0.013429
 0.013722
 0.015028
 0.014460
 0.012995
 0.013420
 0.012849
 0.014400
 0.012261
 0.015006
 0.014067
 0.014276
 0.014503
 0.014430
 0.013688
 0.016850
 0.017879
 0.013681
 0.012076
 0.009513
 0.009654
 0.013937
 0.011897
 0.006932
 0.009587
 0.010239
 0.010383
 0.009001
 0.017751
 0.011581
 0.016513
 0.011889
 0.006702
 0.010593
 0.014311
 0.007418
 0.009860
 0.010647
 0.018167
 0.019017
 0.017312
 0.018278
 0.013583
 0.018720
 0.014707
 0.015304
 0.018231
 0.016885
 0.018063
 0.014706
 0.018856
 0.013805
 0.014385
 0.014629
 0.014058
 0.014434
 0.017343
 0.014027
 0.017322
 0.017019
 0.014217
 0.017293
 0.015111
 0.019333
 0.015086
 0.014533
 0.019709
 0.015897
 0.015947
 0.019587
 0.026732
 0.015853
 0.014541
 0.018261
 0.015966
 0.015942
 0.017237
 0.017655
 0.020064
 0.016755
 0.018778
 0.020798
 0.017727
 0.014872
 0.014552
 0.014218
 0.016551
 0.013668
 0.015745
 0.020094
 0.016413
 0.019225
 0.016429
 0.015485
 0.014516
 0.016812
 0.020300
 0.017910
 0.015978
 0.018559
 0.022023
 0.015447
 0.015627
 0.017741
 0.017914
 0.015298
 0.014093
 0.022925
 0.015626
 0.015974
 0.015436
 0.018218
 0.016732
 0.016699
 0.015966
 0.016815
 0.015328
 0.014777
 0.015774
 0.014715
 0.016584
 0.008364
 0.011890
 0.009982
 0.010583
 0.007433
 0.009919
 0.008792
 0.007154
 0.010644
 0.010146
 0.010917
 0.014924
 0.013403
 0.010736
 0.009774
 0.009685
 0.007516
 0.019978
 0.013689
 0.014421
 0.016186
 0.018869
 0.017907
 0.018548
 0.020501
 0.023399
 0.020201
 0.017331
 0.022113
 0.017742
 0.022252
 0.015545
 0.020885
 0.017905
 0.017137
 0.016879
 0.016619
 0.012952
 0.018311
 0.017840
 0.013072
 0.014104
 0.013922
 0.018411
 0.015153
 0.013458
 0.012700
 0.013538
 0.013661
 0.014009
 0.013728
 0.014304
 0.014322
 0.014048
 0.016263
 0.014240
 0.014045
 0.017978
 0.014104
 0.013766
 0.017866
 0.013418
 0.013804
 0.015149
 0.017812
 0.017523
 0.018164
 0.014016
 0.017703
 0.018878
 0.014235
 0.016054
 0.020159
 0.013445
 0.018452
 0.018130
 0.017880
 0.014009
 0.015133
 0.019498
 0.013295
 0.020752
 0.013099
 0.017991
 0.013262
 0.018034
 0.016878
 0.016716
 0.013615
 0.014996
 0.015136
 0.015919
 0.017289
 0.014773
 0.017845
 0.012572
 0.013479
 0.017055
 0.021673
 0.019835
 0.020178
 0.019980
 0.019736
 0.019974
 0.019034
 0.019199
 0.018964
 0.020171
 0.015784
 0.020440
 0.018572
 0.020631
 0.016773
 0.020063
 0.020536
 0.019821
 0.021096
 0.013401
 0.019510
 0.018425
 0.013749
 0.019345
 0.019911
 0.020082
 0.019078
 0.015927
 0.020899
 0.020024
 0.021581
 0.020452
 0.016733
 0.020541
 0.019364
 0.015525
 0.018837
 0.019244
 0.019661
 0.014951
 0.017873
 0.018270
 0.017872
 0.020061
 0.016272
 0.015402
 0.014168
 0.018200
 0.019028
 0.019570
 0.015012
 0.020548
 0.019252
 0.020051
 0.025923
 0.019178
 0.016364
 0.020329
 0.020978
 0.020852
 0.020878
 0.022620
 0.022865
 0.022318
 0.021258
 0.021096
 0.025035
 0.014655
 0.017263
 0.016799
 0.016360
 0.017689
 0.014199
 0.012715
 0.016420
 0.017664
 0.016278
 0.018777
 0.015144
 0.016585
 0.016010
 0.017724
 0.016202
 0.011388
 0.013220
 0.012890
 0.008036
 0.014883
 0.009641
 0.006695
 0.013577
 0.014566
 0.011335
 0.014146
 0.010988
 0.006938
 0.013624
 0.015185
 0.011401
 0.014553
 0.014464
 0.010045
 0.013695
 0.012556
 0.008582
 0.019813
 0.014535
 0.016661
 0.013331
 0.018075
 0.017559
 0.017124
 0.013578
 0.017175
 0.016419
 0.017759
 0.018268
 0.016107
 0.016828
 0.012709
 0.018969
 0.015461
 0.017397
 0.016242
 0.014851
 0.011900
 0.012010
 0.014733
 0.020545
 0.013670
 0.013100
 0.014445
 0.017492
 0.015445
 0.014575
 0.023567
 0.013314
 0.014151
 0.014806
 0.013083
 0.012993
 0.019014
 0.016548
 0.013293
 0.012873
 0.015396
 0.015400
 0.013361
 0.017041
 0.016423
 0.017174
 0.014590
 0.016582
 0.019641
 0.018332
 0.018861
 0.018618
 0.018872
 0.016205
 0.018904
 0.013838
 0.015417
 0.019364
 0.014324
 0.014801
 0.014596
 0.015154
 0.018320
 0.014332
 0.014954
 0.017109
 0.016587
 0.018792
 0.016481
 0.017212
 0.017540
 0.014779
 0.020193
 0.018203
 0.020195
 0.016267
 0.015702
 0.016738
 0.016806
 0.015690
 0.017750
 0.018463
 0.021066
 0.018576
 0.018344
 0.018955
 0.026065
 0.019641
 0.017462
 0.021464
 0.019860
 0.018965
 0.020381
 0.016891
 0.017918
 0.017473
 0.019514
 0.020619
 0.020704
 0.027652
 0.017525
 0.015694
 0.018273
 0.016774
 0.016046
 0.018810
 0.013717
 0.017942
 0.014900
 0.016589
 0.016548
 0.016937
 0.015868
 0.015049
 0.014049
 0.015791
 0.014849
 0.016103
 0.027107
 0.017047
 0.018943
 0.019118
 0.019744
 0.022918
 0.022119
 0.020612
 0.023152
 0.018808
 0.022291
 0.016966
 0.020231
 0.019666
 0.018941
 0.021602
 0.017703
 0.019265
 0.016161
 0.017531
 0.017412
 0.021380
 0.021346
 0.017157
 0.020415
 0.019683
 0.018012
 0.019873
 0.012195
 0.021416
 0.018839
 0.013974
 0.015965
 0.019653
 0.015326
 0.019120
 0.019059
 0.019610
 0.014257
 0.017574
 0.013808
 0.014454
 0.018671
 0.018096
 0.014166
 0.015349
 0.015139
 0.016777
 0.019140
 0.018938
 0.019096
 0.013583
 0.017376
 0.015467
 0.014194
 0.020353
 0.015275
 0.015520
 0.014360
 0.018551
 0.015542
 0.016096
 0.016026
 0.018544
 0.019538
 0.016037
 0.014375
 0.019589
 0.013671
 0.017445
 0.025437
 0.020833
 0.015915
 0.016313
 0.020707
 0.019083
 0.018073
 0.017776
 0.015625
 0.016736
 0.021573
 0.017885
 0.014648
 0.020409
 0.016171
 0.014594
 0.019197
 0.016650
 0.015418
 0.018594
 0.014833
 0.015779
 0.024944
 0.018639
 0.014353
 0.016538
 0.018214
 0.017135
 0.017399
 0.016994
 0.021220
 0.019105
 0.016532
 0.014621
 0.015435
 0.015561
 0.017852
 0.018309
 0.015251
 0.018097
 0.016670
 0.016847
 0.020333
 0.016263
 0.019182
 0.020494
 0.020331
 0.015227
 0.017660
 0.016608
 0.019409
 0.015122
 0.015616
 0.013254
 0.014201
 0.015984
 0.015393
 0.013934
 0.018945
 0.015417
 0.021156
 0.013292
 0.017808
 0.016642
 0.019160
 0.019319
 0.014139
 0.020676
 0.014778
 0.013520
 0.015243
 0.016154
 0.014609
 0.018363
 0.020044
 0.013526
 0.014737
 0.019568
 0.013475
 0.013860
 0.019267
 0.018820
 0.014702
 0.016173
 0.017643
 0.013743
 0.017788
 0.014803
 0.013084
 0.013359
 0.013802
 0.017530
 0.016754
 0.012047
 0.013102
 0.012771
 0.010703
 0.011809
 0.012094
 0.011737
 0.016524
 0.013989
 0.011334
 0.011079
 0.015399
 0.015898
 0.011441
 0.015655
 0.014143
 0.017481
 0.016555
 0.010510
 0.012060
 0.012326
 0.013572
 0.015858
 0.012361
 0.012815
 0.014999
 0.010884
 0.011546
 0.010544
 0.006245
 0.008679
 0.011172
 0.010976
 0.012125
 0.016076
 0.013780
 0.013845
 0.014875
 0.014876
 0.014785
 0.014026
 0.015502
 0.015680
 0.016146
 0.020691
 0.016872
 0.016859
 0.014802
 0.015480
 0.018423
 0.014156
 0.014874
 0.014233
 0.017144
 0.016329
 0.018379
 0.013573
 0.012637
 0.014578
 0.018795
 0.012698
 0.015373
 0.014293
 0.014433
 0.012589
 0.012856
 0.013552
 0.016842
 0.017862
 0.020646
 0.020976
 0.021816
 0.022349
 0.017644
 0.017909
 0.019637
 0.025030
 0.031265
 0.022445
 0.025844
 0.027537
 0.024162
 0.024970
 0.021966
 0.024068
 0.019999
 0.025190
 0.019565
 0.024459
 0.020245
 0.022271
 0.018479
 0.015533
 0.018183
 0.015571
 0.018254
 0.015616
 0.019301
 0.016453
 0.019371
 0.019194
 0.018269
 0.021064
 0.018962
 0.016266
 0.018307
 0.019181
 0.018171
 0.018940
 0.021422
 0.016317
 0.018957
 0.015236
 0.018203
 0.022961
 0.020066
 0.017676
 0.022822
 0.020193
 0.006145
 0.013916
 0.008494
 0.007680
 0.008563
 0.014127
 0.007741
 0.009981
 0.014332
 0.007545
 0.010149
 0.009035
 0.008398
 0.012682
 0.009762
 0.014673
 0.011642
 0.010398
 0.009721
 0.009212
 0.014431
 0.009990
 0.009325
 0.012688
 0.010753
 0.012895
 0.009953
 0.012961
 0.013692
 0.010909
 0.014631
 0.011354
 0.009993
 0.010386
 0.008516
 0.008680
 0.009960
 0.007586
 0.010944
 0.010278
 0.013467
 0.015121
 0.011170
 0.007798
 0.015284
 0.014139
 0.017892
 0.010675
 0.009379
 0.010873
 0.006965
 0.010529
 0.013279
 0.006319
 0.014331
 0.010596
 0.011491
 0.008957
 0.009028
 0.007608
 0.013719
 0.014123
 0.007865
 0.007102
 0.008920
 0.008572
 0.009737
 0.009035
 0.006816
 0.012179
 0.015523
 0.011637
 0.009239
 0.010659
 0.009306
 0.013178
 0.009201
 0.007862
 0.016080
 0.005763
 0.011540
 0.011867
 0.010932
 0.009257
 0.013671
 0.006453
 0.009945
 0.012783
 0.015608
 0.018473
 0.011492
 0.011782
 0.020572
 0.015226
 0.016857
 0.019149
 0.014860
 0.015139
 0.008048
 0.011133
 0.011162
 0.007206
 0.017248
 0.008139
 0.007839
 0.007455
 0.007226
 0.007121
 0.018291
 0.010767
 0.008641
 0.007674
 0.009573
 0.006772
 0.006433
 0.006285
 0.007268
 0.007022
 0.010542
 0.007351
 0.010655
 0.008703
 0.007565
 0.015147
 0.010815
 0.006764
 0.007432
 0.006360
 0.007541
 0.010433
 0.007770
 0.006034
 0.008298
 0.009414
 0.007408
 0.010873
 0.007639
 0.009472
 0.010457
 0.012153
 0.013003
 0.010409
 0.011897
 0.016138
 0.009298
 0.007455
 0.007431
 0.007353
 0.006170
 0.007464
 0.006880
 0.006233
 0.008035
 0.012813
 0.010612
 0.009945
 0.011152
 0.012139
 0.013353
 0.007333
 0.006818
 0.010995
 0.009472
 0.008919
 0.012633
 0.006333
 0.011661
 0.010087
 0.007619
 0.010502
 0.012029
 0.009099
 0.008517
 0.006375
 0.012018
 0.009539
 0.007725
 0.010320
 0.009489
 0.007402
 0.006354
 0.007172
 0.010419
 0.017237
 0.010707
 0.010002
 0.008940
 0.007840
 0.011043
 0.009907
 0.009011
 0.007971
 0.007488
 0.011189
 0.010004
 0.007708
 0.005903
 0.007409
 0.025270
 0.006752
 0.007771
 0.010781
 0.008422
 0.008466
 0.011733
 0.009648
 0.007333
 0.007747
 0.008107
 0.009776
 0.008457
 0.011062
 0.008885
 0.007913
 0.006878
 0.006426
 0.010793
 0.013783
 0.008043
 0.006015
 0.006814
 0.007169
 0.010420
 0.008206
 0.008126
 0.009844
 0.011384
 0.008252
 0.010759
 0.008972
 0.009335
 0.010366
 0.007753
 0.007977
 0.009652
 0.011121
 0.009902
 0.009935
 0.010421
 0.006064
 0.011252
 0.006973
 0.006337
 0.012707
 0.006769
 0.010563
 0.011378
 0.009603
 0.011500
 0.007496
 0.007800
 0.010644
 0.007443
 0.010651
 0.008017
 0.006728
 0.007185
 0.010159
 0.010298
 0.009893
 0.011623
 0.007793
 0.006671
 0.008007
 0.012208
 0.007851
 0.010516
 0.007279
 0.007578
 0.008210
 0.008294
 0.010465
 0.008123
 0.010029
 0.008109
 0.009228
 0.007563
 0.006440
 0.006174
 0.007669
 0.008740
 0.009987
 0.009026
 0.007336
 0.006803
 0.005953
 0.010850
 0.007629
 0.008833
 0.009321
 0.010959
 0.007569
 0.007561
 0.010985
 0.011325
 0.009247
 0.007571
 0.008020
 0.006197
 0.006927
 0.007966
 0.007780
 0.010499
 0.014330
 0.010288
 0.005970
 0.007883
 0.007751
 0.006343
 0.011671
 0.022936
 0.011740
 0.012242
 0.023694
 0.020159
 0.017824
 0.021785
 0.020271
 0.016967
 0.018524
 0.011507
 0.013946
 0.010751
 0.009330
 0.011820
 0.007636
 0.012013
 0.011497
 0.009798
 0.013431
 0.011716
 0.005679
 0.008161
 0.009647
 0.006490
 0.008751
 0.009353
 0.009598
 0.008160
 0.013814
 0.007228
 0.009017
 0.009061
 0.007587
 0.009670
 0.008894
 0.009468
 0.009449
 0.008506
 0.006261
 0.008598
 0.010003
 0.009884
 0.009755
 0.010020
 0.005911
 0.009047
 0.012851
 0.007649
 0.008667
 0.009449
 0.010080
 0.012402
 0.012379
 0.008257
 0.013426
 0.014246
 0.009224
 0.013232
 0.007746
 0.009472
 0.008576
 0.012342
 0.008991
 0.012853
 0.012821
 0.007388
2338 frames decoded in toal.
