Configure resampler: libSwResample
 0.015188
 0.035282
 0.029918
 0.030138
 0.031347
 0.023326
 0.040726
 0.028449
 0.033328
 0.054804
 0.020394
 0.030532
 0.043606
 0.020954
 0.035149
 0.020381
 0.018007
 0.017478
 0.020464
 0.017790
 0.019849
 0.018763
 0.017778
 0.025223
 0.020164
 0.029597
 0.020750
 0.033017
 0.014839
 0.016719
 0.013942
 0.014813
 0.015730
 0.012253
 0.018791
 0.017031
 0.013645
 0.015979
 0.019495
 0.019102
 0.023493
 0.022696
 0.015329
 0.016838
 0.015283
 0.021528
 0.015650
 0.013262
 0.014608
 0.028985
 0.025929
 0.015890
 0.018488
 0.015211
 0.013543
 0.015137
 0.015712
 0.016719
 0.016833
 0.019872
 0.017649
 0.017099
 0.015475
 0.014657
 0.016333
 0.015063
 0.023659
 0.016668
 0.018646
 0.021539
 0.018800
 0.017776
 0.024582
 0.018312
 0.015717
 0.013746
 0.012967
 0.018198
 0.013304
 0.019794
 0.014709
 0.018330
 0.019627
 0.019476
 0.007035
 0.015783
 0.020254
 0.028766
 0.013025
 0.013477
 0.014234
 0.017526
 0.013129
 0.019810
 0.016093
 0.019020
 0.015644
 0.016306
 0.019692
 0.011409
 0.012899
 0.014925
 0.019735
 0.018533
 0.013902
 0.016728
 0.016050
 0.018270
 0.013754
 0.014322
 0.018892
 0.018701
 0.011030
 0.013396
 0.013832
 0.006482
 0.009498
 0.012134
 0.017803
 0.033735
 0.020109
 0.012270
 0.018631
 0.017563
 0.015233
 0.015108
 0.015620
 0.016852
 0.019007
 0.016151
 0.017770
 0.012444
 0.023408
 0.015122
 0.015468
 0.016478
 0.012911
 0.018150
 0.014416
 0.015406
 0.015285
 0.017795
 0.012523
 0.019301
 0.017546
 0.016251
 0.018875
 0.016600
 0.012906
 0.017059
 0.012544
 0.015912
 0.015035
 0.016253
 0.012656
 0.016899
 0.017199
 0.020677
 0.016927
 0.012865
 0.017387
 0.017896
 0.015364
 0.012116
 0.013392
 0.016485
 0.021164
 0.016325
 0.020946
 0.011870
 0.017266
 0.029989
 0.015703
 0.015953
 0.022304
 0.008706
 0.011719
 0.014441
 0.010724
 0.014727
 0.011103
 0.017218
 0.010172
 0.004299
 0.014493
 0.008203
 0.005917
 0.024781
 0.031502
 0.015908
 0.012749
 0.013182
 0.015556
 0.019761
 0.024779
 0.018863
 0.012212
 0.017428
 0.018254
 0.016057
 0.010072
 0.010438
 0.017994
 0.016343
 0.012485
 0.019507
 0.021048
 0.015350
 0.018354
 0.022256
 0.020330
 0.014152
 0.019219
 0.016049
 0.020805
 0.018377
 0.019339
 0.019066
 0.015619
 0.016663
 0.018474
 0.019758
 0.019307
 0.019545
 0.019026
 0.019719
 0.016735
 0.016131
 0.019188
 0.020153
 0.017346
 0.018271
 0.018878
 0.015447
 0.009886
 0.018936
 0.019352
 0.016382
 0.015870
 0.036378
 0.017902
 0.013240
 0.019620
 0.014855
 0.019046
 0.017618
 0.029037
 0.021284
 0.018104
 0.019003
 0.014205
 0.014165
 0.024510
 0.017084
 0.016672
 0.021180
 0.014915
 0.019838
 0.019845
 0.014480
 0.016531
 0.015561
 0.015731
 0.015774
 0.020394
 0.020208
 0.017365
 0.018491
 0.024260
 0.011391
 0.020886
 0.014756
 0.020074
 0.012575
 0.019331
 0.012304
 0.014504
 0.017218
 0.014841
 0.015008
 0.018116
 0.017096
 0.015942
 0.019611
 0.019266
 0.019768
 0.014967
 0.017566
 0.013593
 0.013540
 0.017502
 0.010905
 0.012641
 0.012794
 0.019204
 0.011649
 0.012327
 0.012230
 0.020010
 0.019304
 0.019566
 0.016710
 0.012146
 0.018788
 0.017074
 0.016059
 0.016181
 0.022512
 0.019559
 0.013564
 0.016601
 0.015882
 0.019722
 0.029052
 0.014027
 0.013129
 0.021176
 0.021895
 0.017736
 0.017655
 0.014710
 0.016743
 0.016819
 0.011454
 0.014195
 0.012997
 0.014476
 0.018009
 0.022711
 0.019062
 0.011768
 0.017815
 0.015026
 0.014818
 0.018938
 0.012191
 0.014356
 0.017518
 0.011952
 0.013033
 0.020090
 0.011349
 0.018963
 0.020742
 0.013064
 0.016610
 0.014010
 0.011297
 0.017429
 0.015696
 0.015656
 0.012486
 0.012220
 0.013623
 0.012528
 0.015431
 0.014119
 0.014849
 0.013036
 0.043270
 0.010950
 0.018196
 0.012024
 0.014197
 0.012108
 0.012565
 0.022126
 0.014662
 0.013530
 0.014793
 0.014660
 0.015173
 0.024523
 0.018325
 0.014591
 0.019413
 0.015975
 0.018190
 0.013038
 0.012660
 0.017108
 0.012533
 0.014096
 0.017882
 0.014838
 0.014410
 0.016170
 0.018788
 0.015872
 0.018219
 0.014905
 0.012197
 0.010859
 0.015735
 0.019306
 0.015562
 0.012514
 0.011571
 0.018583
 0.017870
 0.011465
 0.010036
 0.021540
 0.014695
 0.016673
 0.017004
 0.012134
 0.019217
 0.015991
 0.015899
 0.014375
 0.014400
 0.019999
 0.011898
 0.015325
 0.013092
 0.013678
 0.023187
 0.016419
 0.015167
 0.020074
 0.020747
 0.015819
 0.012021
 0.011445
 0.012154
 0.021882
 0.014857
 0.018231
 0.017457
 0.011385
 0.017121
 0.024040
 0.016169
 0.013763
 0.019784
 0.015132
 0.014521
 0.016809
 0.014281
 0.016205
 0.017993
 0.013629
 0.015514
 0.017738
 0.017296
 0.010601
 0.025414
 0.018558
 0.014285
 0.018191
 0.017481
 0.015607
 0.012601
 0.016525
 0.015567
 0.014194
 0.012482
 0.014933
 0.016649
 0.014365
 0.018925
 0.019804
 0.013480
 0.016549
 0.015833
 0.015458
 0.015493
 0.013836
 0.011570
 0.015620
 0.013067
 0.014651
 0.013246
 0.017252
 0.019036
 0.013981
 0.010502
 0.014398
 0.027454
 0.015550
 0.016660
 0.015562
 0.013595
 0.013787
 0.011443
 0.018782
 0.012744
 0.019619
 0.016516
 0.013859
 0.016141
 0.018951
 0.013375
 0.015523
 0.010985
 0.013595
 0.018986
 0.018649
 0.010894
 0.012996
 0.018555
 0.015825
 0.017707
 0.017679
 0.040618
 0.007917
 0.016424
 0.018602
 0.016507
 0.015009
 0.017116
 0.014184
 0.014621
 0.019561
 0.018745
 0.014829
 0.015746
 0.018010
 0.014236
 0.014427
 0.014757
 0.024210
 0.015118
 0.013121
 0.015744
 0.016398
 0.012013
 0.011541
 0.015972
 0.013694
 0.013674
 0.012292
 0.015774
 0.018609
 0.015397
 0.014592
 0.018448
 0.018051
 0.018226
 0.017654
 0.016098
 0.011565
 0.014400
 0.017192
 0.017360
 0.012491
 0.016847
 0.015211
 0.014555
 0.019451
 0.018506
 0.018348
 0.018695
 0.019542
 0.018528
 0.014942
 0.014589
 0.016914
 0.013352
 0.016277
 0.010251
 0.020638
 0.017880
 0.012057
 0.012726
 0.011658
 0.019654
 0.011691
 0.020666
 0.019076
 0.018213
 0.017963
 0.012088
 0.013907
 0.015605
 0.014656
 0.012697
 0.006527
 0.008558
 0.008456
 0.004839
 0.007099
 0.010437
 0.012285
 0.006854
 0.010973
 0.012554
 0.008562
 0.009380
 0.010567
 0.012640
 0.012326
 0.016174
 0.012167
 0.010991
 0.018098
 0.009693
 0.008481
 0.005583
 0.010996
 0.009769
 0.012300
 0.005877
 0.013410
 0.010035
 0.016416
 0.014381
 0.014758
 0.013338
 0.016977
 0.009925
 0.015491
 0.010035
 0.012317
 0.011778
 0.012390
 0.014300
 0.010677
 0.012786
 0.014287
 0.014774
 0.012045
 0.010615
 0.010894
 0.015072
 0.014071
 0.010131
 0.010015
 0.011817
 0.014859
 0.018154
 0.019366
 0.017676
 0.015875
 0.012005
 0.012364
 0.016809
 0.014377
 0.017470
 0.018604
 0.018055
 0.019733
 0.015686
 0.014181
 0.018344
 0.019248
 0.016533
 0.012588
 0.015042
 0.018225
 0.019341
 0.020410
 0.013819
 0.015988
 0.018700
 0.013270
 0.018483
 0.020602
 0.017343
 0.017960
 0.018652
 0.015444
 0.017795
 0.018596
 0.014473
 0.017747
 0.012844
 0.013012
 0.013257
 0.013343
 0.013163
 0.019464
 0.017340
 0.015080
 0.026774
 0.019469
 0.018971
 0.019347
 0.016590
 0.015984
 0.014552
 0.015123
 0.014657
 0.014428
 0.020168
 0.015377
 0.009661
 0.008233
 0.011900
 0.008964
 0.013711
 0.012978
 0.007765
 0.014212
 0.014872
 0.007491
 0.010174
 0.017213
 0.014798
 0.016817
 0.021791
 0.021498
 0.019831
 0.023610
 0.017385
 0.017582
 0.020829
 0.021583
 0.018678
 0.022345
 0.018822
 0.016587
 0.019335
 0.019713
 0.018338
 0.021764
 0.019342
 0.015247
 0.015851
 0.017784
 0.013458
 0.018948
 0.015255
 0.022144
 0.018261
 0.020530
 0.020843
 0.014769
 0.018672
 0.018942
 0.016243
 0.014668
 0.021099
 0.018098
 0.019085
 0.027646
 0.020068
 0.016272
 0.020525
 0.020033
 0.023489
 0.025049
 0.018577
 0.024304
 0.019631
 0.019463
 0.024052
 0.024418
 0.025881
 0.019148
 0.023297
 0.024509
 0.021097
 0.020516
 0.018661
 0.018120
 0.020363
 0.019143
 0.019921
 0.015233
 0.017842
 0.013787
 0.015788
 0.018694
 0.014303
 0.015199
 0.014639
 0.017285
 0.018529
 0.019877
 0.018833
 0.021043
 0.015160
 0.016905
 0.015506
 0.014229
 0.019118
 0.022713
 0.020790
 0.014986
 0.019593
 0.017275
 0.015002
 0.015558
 0.018562
 0.018662
 0.019868
 0.016205
 0.021969
 0.014467
 0.015181
 0.017989
 0.017218
 0.016495
 0.019706
 0.017118
 0.017713
 0.017238
 0.034222
 0.023439
 0.020392
 0.027505
 0.021559
 0.026721
 0.020123
 0.024573
 0.019921
 0.025968
 0.018191
 0.028259
 0.020735
 0.025190
 0.020608
 0.025862
 0.019656
 0.021203
 0.024183
 0.021657
 0.020312
 0.028334
 0.018999
 0.020237
 0.021516
 0.020604
 0.019165
 0.018435
 0.014601
 0.016472
 0.021915
 0.013561
 0.017557
 0.014949
 0.020946
 0.015263
 0.016926
 0.017900
 0.012863
 0.015880
 0.025984
 0.011824
 0.028746
 0.021358
 0.019921
 0.016312
 0.021575
 0.018518
 0.014721
 0.020896
 0.014460
 0.021549
 0.021719
 0.018831
 0.016968
 0.018811
 0.023977
 0.019710
 0.016027
 0.023589
 0.016213
 0.021362
 0.022248
 0.019363
 0.021362
 0.019442
 0.018967
 0.021433
 0.018779
 0.018773
 0.022392
 0.017889
 0.014530
 0.019227
 0.018955
 0.015638
 0.019047
 0.015170
 0.013283
 0.025991
 0.018561
 0.016616
 0.017702
 0.018353
 0.019600
 0.012328
 0.018067
 0.015399
 0.018787
 0.021710
 0.014969
 0.016477
 0.019743
 0.018333
 0.015223
 0.016476
 0.018259
 0.014555
 0.015978
 0.013572
 0.011885
 0.011762
 0.015302
 0.011753
 0.015721
 0.017541
 0.012454
 0.011047
 0.014359
 0.017170
 0.017879
 0.011534
 0.012817
 0.016132
 0.021600
 0.014953
 0.013687
 0.013681
 0.017316
 0.018102
 0.015934
 0.017918
 0.013265
 0.014389
 0.018805
 0.018122
 0.019621
 0.014984
 0.018821
 0.018391
 0.014952
 0.015175
 0.016751
 0.029800
 0.017213
 0.017993
 0.024128
 0.019052
 0.018090
 0.016772
 0.019944
 0.019741
 0.020016
 0.022242
 0.020266
 0.023073
 0.021017
 0.022687
 0.017515
 0.018283
 0.021389
 0.018959
 0.018267
 0.023066
 0.023108
 0.025297
 0.017226
 0.018052
 0.015401
 0.014000
 0.019207
 0.020603
 0.013586
 0.016767
 0.020782
 0.019222
 0.018412
 0.021148
 0.018992
 0.018015
 0.025662
 0.016296
 0.016539
 0.024834
 0.023012
 0.018278
 0.018946
 0.019387
 0.021811
 0.021718
 0.024999
 0.024724
 0.022609
 0.007443
 0.020792
 0.016547
 0.006297
 0.014277
 0.016701
 0.016944
 0.018354
 0.017251
 0.022427
 0.017437
 0.017318
 0.029119
 0.016339
 0.015177
 0.015775
 0.016742
 0.013870
 0.011414
 0.013557
 0.015996
 0.019180
 0.013180
 0.025263
 0.015235
 0.020228
 0.021498
 0.018111
 0.016362
 0.023957
 0.022030
 0.020819
 0.018095
 0.017277
 0.018131
 0.018697
 0.019696
 0.019186
 0.020179
 0.015259
 0.016829
 0.020460
 0.016227
 0.018321
 0.016823
 0.022510
 0.024953
 0.023365
 0.020093
 0.018629
 0.020055
 0.019423
 0.020154
 0.022491
 0.016561
 0.019226
 0.017091
 0.021285
 0.017326
 0.017550
 0.019969
 0.017438
 0.023176
 0.024124
 0.011345
 0.015899
 0.019245
 0.007541
 0.012693
 0.017255
 0.013517
 0.018383
 0.015516
 0.015301
 0.014794
 0.019578
 0.016365
 0.018736
 0.015347
 0.015783
 0.020708
 0.014951
 0.019205
 0.022507
 0.015362
 0.016435
 0.014383
 0.014849
 0.016481
 0.014749
 0.016953
 0.017188
 0.018068
 0.018266
 0.016886
 0.014187
 0.018582
 0.019822
 0.016807
 0.017272
 0.017218
 0.018118
 0.023051
 0.020949
 0.019932
 0.013626
 0.014969
 0.019682
 0.021641
 0.021281
 0.018678
 0.021633
 0.020055
 0.017617
 0.018723
 0.021161
 0.015143
 0.018711
 0.016352
 0.017083
 0.019335
 0.018609
 0.017350
 0.014816
 0.016733
 0.024065
 0.016867
 0.019087
 0.021221
 0.013967
 0.016780
 0.016270
 0.015490
 0.016169
 0.015380
 0.014175
 0.023925
 0.015677
 0.018517
 0.013676
 0.015656
 0.016744
 0.019852
 0.014514
 0.008195
 0.009700
 0.014597
 0.020212
 0.024529
 0.026326
 0.039321
 0.018947
 0.023067
 0.053560
 0.013008
 0.044469
 0.012174
 0.028553
 0.019497
 0.018671
 0.024463
 0.017356
 0.023111
 0.022772
 0.018855
 0.020234
 0.017206
 0.021423
 0.025781
 0.016244
 0.017550
 0.014830
 0.022926
 0.019181
 0.018333
 0.019857
 0.019614
 0.012829
 0.015743
 0.016214
 0.014237
 0.021228
 0.021007
 0.017144
 0.019505
 0.015860
 0.020703
 0.013883
 0.018726
 0.015766
 0.013330
 0.022480
 0.015456
 0.015632
 0.018614
 0.019356
 0.040027
 0.026302
 0.022946
 0.017937
 0.020790
 0.018112
 0.022714
 0.020848
 0.018962
 0.017858
 0.020663
 0.017723
 0.018041
 0.016506
 0.017020
 0.020953
 0.015646
 0.016565
 0.019913
 0.014223
 0.020473
 0.024930
 0.016673
 0.018410
 0.018526
 0.012733
 0.014801
 0.013210
 0.011727
 0.016827
 0.015188
 0.014576
 0.021081
 0.018557
 0.016593
 0.015902
 0.021361
 0.017502
 0.018454
 0.014901
 0.016670
 0.018031
 0.017795
 0.015357
 0.020134
 0.017726
 0.018628
 0.017736
 0.018724
 0.019384
 0.020945
 0.022210
 0.015430
 0.016316
 0.019585
 0.015040
 0.015204
 0.014426
 0.015130
 0.017590
 0.018275
 0.019332
 0.018777
 0.012206
 0.014621
 0.017803
 0.014311
 0.020172
 0.019528
 0.014804
 0.015885
 0.014466
 0.013756
 0.020658
 0.012432
 0.015362
 0.017268
 0.013293
 0.009582
 0.009880
 0.010244
 0.014397
 0.010856
 0.013823
 0.014127
 0.010371
 0.013555
 0.015642
 0.007614
 0.011210
 0.012680
 0.013836
 0.012551
 0.011478
 0.008186
 0.016440
 0.009943
 0.024741
 0.016493
 0.016626
 0.021526
 0.018092
 0.014911
 0.019201
 0.018937
 0.015948
 0.015390
 0.016010
 0.016485
 0.018315
 0.019637
 0.020781
 0.017425
 0.014996
 0.015214
 0.020338
 0.016303
 0.020267
 0.018914
 0.018736
 0.015108
 0.019290
 0.014264
 0.020660
 0.016918
 0.016180
 0.020118
 0.015104
 0.022020
 0.031072
 0.021162
 0.017751
 0.022839
 0.021173
 0.022085
 0.023489
 0.017767
 0.020261
 0.021653
 0.015739
 0.023221
 0.017464
 0.020906
 0.017859
 0.020978
 0.019215
 0.019661
 0.017773
 0.021968
 0.015353
 0.016901
 0.023243
 0.021557
 0.020203
 0.020286
 0.015268
 0.018919
 0.019724
 0.020060
 0.026430
 0.022090
 0.015680
 0.021998
 0.017240
 0.020379
 0.022078
 0.019015
 0.014405
 0.018934
 0.019695
 0.021492
 0.022600
 0.020117
 0.023461
 0.019423
 0.019760
 0.017625
 0.014609
 0.019959
 0.022170
 0.013655
 0.014594
 0.018340
 0.015509
 0.012353
 0.011286
 0.014570
 0.012571
 0.014482
 0.018325
 0.011730
 0.018337
 0.013084
 0.014049
 0.015036
 0.014035
 0.011605
 0.023215
 0.013850
 0.019798
 0.016841
 0.022176
 0.024138
 0.023278
 0.024119
 0.022534
 0.019649
 0.024607
 0.018414
 0.019360
 0.023633
 0.014771
 0.024789
 0.017342
 0.019385
 0.014556
 0.020640
 0.016064
 0.018908
 0.024772
 0.018629
 0.016175
 0.020160
 0.020085
 0.017098
 0.015423
 0.017057
 0.012284
 0.020206
 0.014356
 0.015342
 0.021294
 0.015314
 0.019061
 0.018895
 0.021014
 0.013795
 0.021445
 0.016198
 0.018804
 0.016019
 0.014035
 0.018721
 0.019040
 0.019565
 0.018207
 0.016458
 0.017308
 0.016439
 0.018303
 0.018116
 0.016444
 0.018072
 0.013485
 0.018486
 0.022126
 0.016618
 0.015029
 0.019290
 0.018794
 0.020762
 0.020948
 0.014996
 0.018516
 0.018519
 0.018669
 0.020654
 0.019040
 0.019148
 0.022600
 0.014417
 0.020756
 0.019751
 0.018202
 0.015039
 0.017498
 0.014789
 0.018555
 0.018422
 0.018378
 0.020465
 0.017700
 0.021854
 0.016645
 0.016897
 0.020784
 0.017179
 0.018050
 0.016717
 0.021862
 0.016267
 0.021275
 0.019296
 0.022488
 0.024849
 0.021993
 0.017938
 0.020074
 0.018400
 0.016421
 0.020074
 0.017063
 0.018406
 0.019314
 0.017564
 0.020741
 0.023097
 0.019921
 0.020211
 0.019906
 0.022290
 0.017503
 0.019075
 0.016880
 0.015036
 0.018652
 0.017783
 0.016814
 0.014430
 0.017966
 0.019000
 0.016849
 0.019610
 0.016310
 0.019130
 0.015357
 0.019688
 0.019131
 0.016833
 0.022224
 0.017942
 0.020647
 0.016997
 0.017567
 0.021372
 0.021932
 0.021526
 0.021988
 0.019108
 0.022217
 0.020061
 0.020214
 0.019028
 0.019267
 0.016371
 0.016950
 0.013622
 0.017598
 0.015714
 0.017113
 0.018016
 0.019003
 0.016322
 0.015138
 0.016266
 0.014415
 0.015212
 0.012517
 0.019249
 0.021133
 0.012016
 0.018333
 0.016297
 0.008407
 0.011176
 0.015418
 0.009349
 0.007659
 0.010146
 0.010184
 0.008457
 0.013487
 0.010123
 0.009806
 0.014678
 0.010718
 0.012531
 0.010407
 0.014653
 0.009572
 0.009226
 0.007752
 0.010822
 0.014428
 0.018852
 0.015719
 0.014660
 0.014188
 0.017340
 0.017296
 0.013244
 0.016298
 0.013131
 0.013212
 0.012845
 0.013318
 0.014630
 0.012976
 0.017076
 0.012052
 0.018168
 0.017509
 0.014928
 0.012345
 0.014017
 0.014772
 0.013001
 0.012639
 0.016610
 0.017225
 0.013883
 0.015481
 0.017673
 0.015309
 0.018076
 0.017393
 0.018833
 0.019978
 0.012414
 0.014812
 0.015074
 0.015390
 0.018395
 0.015032
 0.018489
 0.017643
 0.023239
 0.017974
 0.022799
 0.019566
 0.023722
 0.017580
 0.019238
 0.017219
 0.015753
 0.018218
 0.015974
 0.018994
 0.014438
 0.014855
 0.018902
 0.016630
 0.017305
 0.015317
 0.017225
 0.017154
 0.015955
 0.017772
 0.018420
 0.016515
 0.017712
 0.016427
 0.016383
 0.017363
 0.022557
 0.018388
 0.017216
 0.015052
 0.020746
 0.021290
 0.016812
 0.014444
 0.019827
 0.015140
 0.019735
 0.020970
 0.019030
 0.018680
 0.022390
 0.019184
 0.019267
 0.024115
 0.019418
 0.017440
 0.021182
 0.016878
 0.015899
 0.018819
 0.016721
 0.015567
 0.019690
 0.014613
 0.025336
 0.020126
 0.017155
 0.012962
 0.021326
 0.017280
 0.019708
 0.017284
 0.015189
 0.017123
 0.017663
 0.017894
 0.020198
 0.024786
 0.015787
 0.016232
 0.015561
 0.019190
 0.018923
 0.024096
 0.021607
 0.016996
 0.024641
 0.018814
 0.022690
 0.023598
 0.021529
 0.020810
 0.020859
 0.022998
 0.017614
 0.020519
 0.022890
 0.023154
 0.022571
 0.022403
 0.021649
 0.019624
 0.018086
 0.020144
 0.017157
 0.017226
 0.017615
 0.016481
 0.017062
 0.022260
 0.023252
 0.017320
 0.019457
 0.017739
 0.019063
 0.015513
 0.014634
 0.019235
 0.016641
 0.018698
 0.022815
 0.019054
 0.016010
 0.015630
 0.018372
 0.018401
 0.023559
 0.021539
 0.014956
 0.015845
 0.021798
 0.016123
 0.015557
 0.020468
 0.015510
 0.017352
 0.014515
 0.019184
 0.015668
 0.019746
 0.014363
 0.014161
 0.019191
 0.018496
 0.021098
 0.016166
 0.019538
 0.017214
 0.016214
 0.014437
 0.016373
 0.015589
 0.016912
 0.032954
 0.018211
 0.020470
 0.021680
 0.021048
 0.019264
 0.016698
 0.017615
 0.023544
 0.018694
 0.019187
 0.015314
 0.016906
 0.021322
 0.022055
 0.019372
 0.015447
 0.020417
 0.018971
 0.013367
 0.021758
 0.018008
 0.027697
 0.021251
 0.020971
 0.021162
 0.022680
 0.018993
 0.016712
 0.017812
 0.016491
 0.022452
 0.016206
 0.022596
 0.020262
 0.015548
 0.014653
 0.019224
 0.019780
 0.023959
 0.019775
 0.017165
 0.015776
 0.015437
 0.016614
 0.020083
 0.017024
 0.021543
 0.016575
 0.015507
 0.016008
 0.018176
 0.014258
 0.015421
 0.016111
 0.012418
 0.016666
 0.014761
 0.018635
 0.019477
 0.023822
 0.017711
 0.016478
 0.017247
 0.016961
 0.022267
 0.014467
 0.019654
 0.016588
 0.013406
 0.018662
 0.015057
 0.014413
 0.012827
 0.016285
 0.017552
 0.014750
 0.015427
 0.016350
 0.014739
 0.017353
 0.016564
 0.013318
 0.018509
 0.016907
 0.014134
 0.019895
 0.012626
 0.015931
 0.016118
 0.012765
 0.017674
 0.018314
 0.014230
 0.018888
 0.013325
 0.014663
 0.017244
 0.017561
 0.014534
 0.017436
 0.018742
 0.013940
 0.018266
 0.013120
 0.011981
 0.012638
 0.012855
 0.016227
 0.015710
 0.016483
 0.018038
 0.017258
 0.017321
 0.015648
 0.012218
 0.016918
 0.013281
 0.012021
 0.014379
 0.017800
 0.016800
 0.012875
 0.009628
 0.014335
 0.011789
 0.019178
 0.018340
 0.021546
 0.015987
 0.018949
 0.016145
 0.017446
 0.018007
 0.019408
 0.022100
 0.016142
 0.018304
 0.016808
 0.016390
 0.016092
 0.021183
 0.018662
 0.015332
 0.019801
 0.022185
 0.014502
 0.020068
 0.015340
 0.019047
 0.020991
 0.017208
 0.018793
 0.017521
 0.017717
 0.019529
 0.019916
 0.020602
 0.015158
 0.015787
 0.019938
 0.018846
 0.021502
 0.022287
 0.023741
 0.020816
 0.020487
 0.018476
 0.017399
 0.025820
 0.036979
 0.023731
 0.021184
 0.025781
 0.025878
 0.026313
 0.020726
 0.027119
 0.023644
 0.029708
 0.024130
 0.023445
 0.020769
 0.022078
 0.020343
 0.015747
 0.017757
 0.018708
 0.025346
 0.019492
 0.020218
 0.016983
 0.020922
 0.016958
 0.021554
 0.017872
 0.020699
 0.018952
 0.018117
 0.016044
 0.020653
 0.019566
 0.020051
 0.015961
 0.018676
 0.019812
 0.018476
 0.017579
 0.018661
 0.022104
 0.021416
 0.016996
 0.009796
 0.021062
 0.009125
 0.009533
 0.011297
 0.010199
 0.007259
 0.017406
 0.012325
 0.010635
 0.011168
 0.015373
 0.010742
 0.014873
 0.017584
 0.008661
 0.008737
 0.013276
 0.013022
 0.013727
 0.011856
 0.014860
 0.012912
 0.010660
 0.014572
 0.010265
 0.014196
 0.013814
 0.009330
 0.011787
 0.010454
 0.014859
 0.013713
 0.013858
 0.007535
 0.010370
 0.014656
 0.009349
 0.013064
 0.010293
 0.009921
 0.017914
 0.010668
 0.008135
 0.009332
 0.015734
 0.017956
 0.008315
 0.013333
 0.014890
 0.010169
 0.016009
 0.016112
 0.005299
 0.013939
 0.008968
 0.006873
 0.017197
 0.010660
 0.011582
 0.009916
 0.011261
 0.008022
 0.007275
 0.010541
 0.008822
 0.010253
 0.009929
 0.008470
 0.012608
 0.010559
 0.007887
 0.015752
 0.011604
 0.013559
 0.011598
 0.010500
 0.013645
 0.019486
 0.010839
 0.013716
 0.016218
 0.012041
 0.016090
 0.011121
 0.006964
 0.012939
 0.008228
 0.011867
 0.020055
 0.015466
 0.011140
 0.020060
 0.014103
 0.011336
 0.020636
 0.017949
 0.011448
 0.008691
 0.008940
 0.007805
 0.008437
 0.014566
 0.010351
 0.009331
 0.006452
 0.006337
 0.013805
 0.023574
 0.009722
 0.012198
 0.013196
 0.007841
 0.007678
 0.010233
 0.011929
 0.009450
 0.010260
 0.009371
 0.011062
 0.011994
 0.014281
 0.006783
 0.021261
 0.008930
 0.012071
 0.007098
 0.013284
 0.011641
 0.009663
 0.009932
 0.007827
 0.007426
 0.010910
 0.010975
 0.013308
 0.009294
 0.009465
 0.012595
 0.011127
 0.012867
 0.012949
 0.008454
 0.016297
 0.010303
 0.006384
 0.007281
 0.007747
 0.011547
 0.008857
 0.011886
 0.007069
 0.012523
 0.016581
 0.016277
 0.012518
 0.007269
 0.011162
 0.013043
 0.008134
 0.010126
 0.006672
 0.011538
 0.012433
 0.009890
 0.010890
 0.013628
 0.011073
 0.016268
 0.006399
 0.013550
 0.012214
 0.008569
 0.006137
 0.007460
 0.005131
 0.008315
 0.012218
 0.009309
 0.008504
 0.012985
 0.007106
 0.012705
 0.015184
 0.009827
 0.013161
 0.011721
 0.006838
 0.007059
 0.013923
 0.009889
 0.010771
 0.007167
 0.012329
 0.007968
 0.007357
 0.008407
 0.007579
 0.024675
 0.008707
 0.009233
 0.014198
 0.007546
 0.015228
 0.013865
 0.007511
 0.007050
 0.005635
 0.007459
 0.010211
 0.010589
 0.012353
 0.013726
 0.011195
 0.012107
 0.010974
 0.007994
 0.013332
 0.008803
 0.010997
 0.012391
 0.011972
 0.011626
 0.008947
 0.007765
 0.009764
 0.013552
 0.009971
 0.009881
 0.008143
 0.010123
 0.011612
 0.008567
 0.009144
 0.008918
 0.008357
 0.012933
 0.014867
 0.009503
 0.007473
 0.009616
 0.009855
 0.012111
 0.014551
 0.009742
 0.009399
 0.009678
 0.013660
 0.009693
 0.009238
 0.014548
 0.013024
 0.010168
 0.009933
 0.006968
 0.005826
 0.014572
 0.012447
 0.015620
 0.013098
 0.011712
 0.013830
 0.013511
 0.012921
 0.013713
 0.013960
 0.008168
 0.012755
 0.013999
 0.014104
 0.013026
 0.013287
 0.014441
 0.015240
 0.013713
 0.009376
 0.014610
 0.013580
 0.007247
 0.012507
 0.012946
 0.009896
 0.013130
 0.014029
 0.012064
 0.013070
 0.010260
 0.011628
 0.016420
 0.013099
 0.012212
 0.012945
 0.013271
 0.007887
 0.011760
 0.012487
 0.005868
 0.012681
 0.008516
 0.012990
 0.007317
 0.007495
 0.008921
 0.019976
 0.013251
 0.013008
 0.014139
 0.007788
 0.013103
 0.013300
 0.025427
 0.016338
 0.014584
 0.027987
 0.016695
 0.020322
 0.021905
 0.024139
 0.010582
 0.011079
 0.015293
 0.013926
 0.006194
 0.015143
 0.009732
 0.007234
 0.012217
 0.009330
 0.006451
 0.012714
 0.010672
 0.007925
 0.015177
 0.012252
 0.005227
 0.015949
 0.012247
 0.011211
 0.013432
 0.009285
 0.009358
 0.016360
 0.013683
 0.011696
 0.014100
 0.011593
 0.007117
 0.013618
 0.013780
 0.005833
 0.012670
 0.013010
 0.011186
 0.010238
 0.013236
 0.006162
 0.012573
 0.008074
 0.005787
 0.016527
 0.015147
 0.011327
 0.015897
 0.011357
 0.011956
 0.009588
 0.009426
 0.005608
 0.010574
 0.014493
 0.011403
 0.015029
 0.011767
 0.010605
 0.016951
 0.008642
 0.007258
2338 frames decoded in toal.
