Configure resampler: libSwResample
 0.027158
 0.035137
 0.035705
 0.031863
 0.022301
 0.021379
 0.033798
 0.023832
 0.024826
 0.023286
 0.030053
 0.020214
 0.028153
 0.016054
 0.017451
 0.020108
 0.019438
 0.018240
 0.020203
 0.018868
 0.017600
 0.014311
 0.021615
 0.019618
 0.017526
 0.020931
 0.015087
 0.016922
 0.014074
 0.016991
 0.017349
 0.021773
 0.012926
 0.016616
 0.028445
 0.018458
 0.015011
 0.015012
 0.023008
 0.016801
 0.020410
 0.018111
 0.015002
 0.015666
 0.024076
 0.016050
 0.015253
 0.016873
 0.010786
 0.011075
 0.017794
 0.013784
 0.016451
 0.016930
 0.016244
 0.011408
 0.022196
 0.012945
 0.013258
 0.021522
 0.011766
 0.013557
 0.017360
 0.015180
 0.011487
 0.014811
 0.015154
 0.011122
 0.016920
 0.016030
 0.010255
 0.016864
 0.015716
 0.011838
 0.018103
 0.020135
 0.011866
 0.016088
 0.016015
 0.015483
 0.020077
 0.010366
 0.015646
 0.014187
 0.016532
 0.012940
 0.013156
 0.011259
 0.013427
 0.019334
 0.015769
 0.011897
 0.017238
 0.010016
 0.011284
 0.013023
 0.013223
 0.013534
 0.013646
 0.010412
 0.011640
 0.016054
 0.010830
 0.011724
 0.016406
 0.012388
 0.015202
 0.011422
 0.013652
 0.010085
 0.015510
 0.011554
 0.010512
 0.010351
 0.011036
 0.015221
 0.008575
 0.012672
 0.009584
 0.028393
 0.016058
 0.015788
 0.012659
 0.013375
 0.014911
 0.015739
 0.012306
 0.013307
 0.016498
 0.011370
 0.010740
 0.015843
 0.011863
 0.014436
 0.019265
 0.014467
 0.015396
 0.016121
 0.015193
 0.016207
 0.017027
 0.013456
 0.011319
 0.011808
 0.010288
 0.011882
 0.014402
 0.011821
 0.010908
 0.016762
 0.014455
 0.014266
 0.013882
 0.014396
 0.013811
 0.017800
 0.011845
 0.011809
 0.012540
 0.016237
 0.010397
 0.014186
 0.020035
 0.011989
 0.016906
 0.015979
 0.011368
 0.013777
 0.018993
 0.013470
 0.013122
 0.015509
 0.012574
 0.012787
 0.017335
 0.012623
 0.014974
 0.020849
 0.014881
 0.010926
 0.019334
 0.011471
 0.016984
 0.014303
 0.012921
 0.015429
 0.013157
 0.010756
 0.014942
 0.013548
 0.011148
 0.014460
 0.017533
 0.014185
 0.014436
 0.014441
 0.016963
 0.011468
 0.018414
 0.017571
 0.011283
 0.015814
 0.012917
 0.016477
 0.018795
 0.012083
 0.016424
 0.018412
 0.016103
 0.015620
 0.016789
 0.016235
 0.018242
 0.019960
 0.015975
 0.016986
 0.021434
 0.017517
 0.013319
 0.015164
 0.012481
 0.012140
 0.021931
 0.013591
 0.013227
 0.018234
 0.013584
 0.018300
 0.018997
 0.017127
 0.017183
 0.013525
 0.014050
 0.012448
 0.016865
 0.012423
 0.012064
 0.010484
 0.013501
 0.018646
 0.013288
 0.011849
 0.015045
 0.017003
 0.015875
 0.015395
 0.018424
 0.015654
 0.017866
 0.018236
 0.012812
 0.014677
 0.021295
 0.013644
 0.013010
 0.016027
 0.015843
 0.018302
 0.019984
 0.013401
 0.015562
 0.015721
 0.016923
 0.013635
 0.018844
 0.018234
 0.012555
 0.017986
 0.012399
 0.013274
 0.017742
 0.011957
 0.014327
 0.011921
 0.011796
 0.014330
 0.013256
 0.021058
 0.014518
 0.014642
 0.011445
 0.020656
 0.013117
 0.017549
 0.020841
 0.013104
 0.017181
 0.021816
 0.016663
 0.016855
 0.015206
 0.013920
 0.013464
 0.023555
 0.014372
 0.017480
 0.016065
 0.013174
 0.017651
 0.016555
 0.018114
 0.014516
 0.019577
 0.015688
 0.012925
 0.015638
 0.012760
 0.012162
 0.015698
 0.013826
 0.017754
 0.015771
 0.016143
 0.014554
 0.021180
 0.018924
 0.017232
 0.019123
 0.015757
 0.018204
 0.016279
 0.013254
 0.017853
 0.020604
 0.013861
 0.016734
 0.014579
 0.012588
 0.012969
 0.016325
 0.017963
 0.017347
 0.014859
 0.016804
 0.012947
 0.018029
 0.014051
 0.017046
 0.019241
 0.017532
 0.012479
 0.014416
 0.014919
 0.013615
 0.015080
 0.020675
 0.012635
 0.014707
 0.014623
 0.013354
 0.017057
 0.013196
 0.012011
 0.013613
 0.015822
 0.017574
 0.011578
 0.011942
 0.013327
 0.021851
 0.018573
 0.014273
 0.012770
 0.015413
 0.016529
 0.018593
 0.016812
 0.018618
 0.018181
 0.017914
 0.017753
 0.014844
 0.021088
 0.017901
 0.013960
 0.016033
 0.017107
 0.013344
 0.016002
 0.015077
 0.014076
 0.018836
 0.014583
 0.018019
 0.016350
 0.017913
 0.013206
 0.014936
 0.015519
 0.012396
 0.013295
 0.017816
 0.013840
 0.012805
 0.015634
 0.017026
 0.015030
 0.012849
 0.019305
 0.013193
 0.012680
 0.013023
 0.015679
 0.013142
 0.012866
 0.014671
 0.016321
 0.016645
 0.013012
 0.012859
 0.014440
 0.017994
 0.012846
 0.012807
 0.014393
 0.013984
 0.014291
 0.016404
 0.018559
 0.016072
 0.018443
 0.015162
 0.013584
 0.018233
 0.015998
 0.012299
 0.012625
 0.014176
 0.017700
 0.016153
 0.016446
 0.017781
 0.015857
 0.016140
 0.016276
 0.007956
 0.021111
 0.012879
 0.016103
 0.017941
 0.019607
 0.020682
 0.017272
 0.017273
 0.017771
 0.019060
 0.015441
 0.015023
 0.016307
 0.018601
 0.016522
 0.017863
 0.017329
 0.014072
 0.017563
 0.016892
 0.012344
 0.015203
 0.015670
 0.016281
 0.015744
 0.012010
 0.015345
 0.017649
 0.022300
 0.017041
 0.018520
 0.011991
 0.016394
 0.018600
 0.016485
 0.016336
 0.014700
 0.015980
 0.014790
 0.015316
 0.015688
 0.015080
 0.012969
 0.022016
 0.019661
 0.016803
 0.018440
 0.017709
 0.015565
 0.015786
 0.019240
 0.014562
 0.018246
 0.018814
 0.019183
 0.019143
 0.018999
 0.017919
 0.016788
 0.018460
 0.014773
 0.012986
 0.018827
 0.017461
 0.017994
 0.018727
 0.017122
 0.017888
 0.019714
 0.018251
 0.016767
 0.019370
 0.015581
 0.017333
 0.017440
 0.018119
 0.014553
 0.019804
 0.018859
 0.016755
 0.019109
 0.016490
 0.017889
 0.018721
 0.016260
 0.016313
 0.020700
 0.017761
 0.017756
 0.015833
 0.017030
 0.017445
 0.018760
 0.016196
 0.016620
 0.015979
 0.015705
 0.015507
 0.017852
 0.015541
 0.015911
 0.016317
 0.016391
 0.015722
 0.017973
 0.012243
 0.012259
 0.017405
 0.016513
 0.016831
 0.017714
 0.020347
 0.014116
 0.016177
 0.016450
 0.012042
 0.018611
 0.017671
 0.013759
 0.017002
 0.017595
 0.016521
 0.019980
 0.016655
 0.012531
 0.017370
 0.018054
 0.019883
 0.027510
 0.019239
 0.017978
 0.018356
 0.020851
 0.018651
 0.017856
 0.021051
 0.017643
 0.013816
 0.013824
 0.013729
 0.013060
 0.013253
 0.011445
 0.012642
 0.015792
 0.016330
 0.013845
 0.017866
 0.016328
 0.019322
 0.017416
 0.016945
 0.012261
 0.019606
 0.013765
 0.017218
 0.015309
 0.013806
 0.014825
 0.017030
 0.013729
 0.017953
 0.011624
 0.016794
 0.015574
 0.019974
 0.019676
 0.015471
 0.015268
 0.018711
 0.015112
 0.014849
 0.013444
 0.014961
 0.014064
 0.019564
 0.018748
 0.018221
 0.014109
 0.017279
 0.018876
 0.018656
 0.018350
 0.020644
 0.014320
 0.012459
 0.016793
 0.018263
 0.012150
 0.011450
 0.016441
 0.012253
 0.017730
 0.016542
 0.018119
 0.012252
 0.020454
 0.015178
 0.017629
 0.017948
 0.014074
 0.013647
 0.019162
 0.017330
 0.016936
 0.013208
 0.014904
 0.012289
 0.013592
 0.015841
 0.013561
 0.013461
 0.013925
 0.017114
 0.020968
 0.016197
 0.013159
 0.015287
 0.017291
 0.015941
 0.013554
 0.015945
 0.011802
 0.015793
 0.020240
 0.018562
 0.016504
 0.018195
 0.017354
 0.015757
 0.013884
 0.017299
 0.018098
 0.017106
 0.019782
 0.017673
 0.012688
 0.019304
 0.014593
 0.014261
 0.013690
 0.018876
 0.015989
 0.012747
 0.012137
 0.013464
 0.015360
 0.012498
 0.012928
 0.016172
 0.011300
 0.022827
 0.015782
 0.016870
 0.011877
 0.016108
 0.012920
 0.019409
 0.013933
 0.014491
 0.012267
 0.016742
 0.016252
 0.016155
 0.011488
 0.011842
 0.016041
 0.018053
 0.015661
 0.015511
 0.016499
 0.011598
 0.013821
 0.016862
 0.013068
 0.016635
 0.012665
 0.015753
 0.017985
 0.017655
 0.013664
 0.020042
 0.014692
 0.018751
 0.013861
 0.013782
 0.018409
 0.014138
 0.015273
 0.015703
 0.013935
 0.016325
 0.015769
 0.018762
 0.015546
 0.019021
 0.021979
 0.016040
 0.012522
 0.013873
 0.018472
 0.015760
 0.016217
 0.017331
 0.016079
 0.016146
 0.018730
 0.017746
 0.015817
 0.015879
 0.015466
 0.019240
 0.016812
 0.015018
 0.014570
 0.015355
 0.014007
 0.018294
 0.017400
 0.015325
 0.016796
 0.012905
 0.019082
 0.018093
 0.012782
 0.011231
 0.014049
 0.016357
 0.016392
 0.014724
 0.018300
 0.019451
 0.016912
 0.013547
 0.016646
 0.012854
 0.018125
 0.019108
 0.013321
 0.016996
 0.013623
 0.018933
 0.017033
 0.018681
 0.014195
 0.012390
 0.016037
 0.016470
 0.017790
 0.016431
 0.016095
 0.013146
 0.014604
 0.019895
 0.015411
 0.014504
 0.017785
 0.015531
 0.017989
 0.013395
 0.015110
 0.016659
 0.018454
 0.017410
 0.013480
 0.016134
 0.015879
 0.017877
 0.013733
 0.014744
 0.015192
 0.013967
 0.015190
 0.014503
 0.019426
 0.022129
 0.014818
 0.013643
 0.014567
 0.016340
 0.014667
 0.013672
 0.018896
 0.013360
 0.017857
 0.017049
 0.014528
 0.014315
 0.014326
 0.015927
 0.014026
 0.014139
 0.017499
 0.018146
 0.016058
 0.013926
 0.017152
 0.015674
 0.014191
 0.015067
 0.012753
 0.018411
 0.017388
 0.019991
 0.013248
 0.014321
 0.015886
 0.018368
 0.013449
 0.017372
 0.018312
 0.015435
 0.014519
 0.015902
 0.015258
 0.014342
 0.016276
 0.018017
 0.015627
 0.015349
 0.013210
 0.017178
 0.018858
 0.016648
 0.014264
 0.013326
 0.019498
 0.015010
 0.017662
 0.014653
 0.018670
 0.019740
 0.017111
 0.014172
 0.015036
 0.012391
 0.015454
 0.019171
 0.014253
 0.020747
 0.016296
 0.014434
 0.016466
 0.014993
 0.014411
 0.018122
 0.013832
 0.020732
 0.013410
 0.014836
 0.017674
 0.018605
 0.019632
 0.014850
 0.012974
 0.019492
 0.014914
 0.014134
 0.015514
 0.020789
 0.016119
 0.020284
 0.022791
 0.015483
 0.018114
 0.014734
 0.012766
 0.013940
 0.012496
 0.012296
 0.016184
 0.011336
 0.011166
 0.016363
 0.020215
 0.018541
 0.018359
 0.015959
 0.015765
 0.020045
 0.015367
 0.016517
 0.014795
 0.017904
 0.020273
 0.013769
 0.015998
 0.019077
 0.018264
 0.019747
 0.017960
 0.019662
 0.020088
 0.015089
 0.016707
 0.014946
 0.020183
 0.015351
 0.015810
 0.019250
 0.016198
 0.015846
 0.015141
 0.014680
 0.017228
 0.021697
 0.020411
 0.014805
 0.020062
 0.020567
 0.016799
 0.017530
 0.012984
 0.020180
 0.015613
 0.018342
 0.017566
 0.016657
 0.020354
 0.016371
 0.017623
 0.016565
 0.015444
 0.016530
 0.020101
 0.015362
 0.015587
 0.016566
 0.020704
 0.015853
 0.016676
 0.019246
 0.016594
 0.017741
 0.020335
 0.014243
 0.015390
 0.014435
 0.016554
 0.016214
 0.017107
 0.015907
 0.016006
 0.021246
 0.014509
 0.015691
 0.016765
 0.014791
 0.017851
 0.021274
 0.015694
 0.014795
 0.020780
 0.013959
 0.016613
 0.013377
 0.017564
 0.018877
 0.014964
 0.018168
 0.016872
 0.015391
 0.015921
 0.018192
 0.019847
 0.013638
 0.020379
 0.014241
 0.015703
 0.019278
 0.018120
 0.017921
 0.018510
 0.014283
 0.010669
 0.013593
 0.012952
 0.016340
 0.019126
 0.014575
 0.013652
 0.019962
 0.013565
 0.013869
 0.014501
 0.014710
 0.017334
 0.017010
 0.014542
 0.014149
 0.013782
 0.015201
 0.017627
 0.013425
 0.011335
 0.015966
 0.017655
 0.019014
 0.016781
 0.013697
 0.015138
 0.019411
 0.020753
 0.016891
 0.015839
 0.016482
 0.014202
 0.015597
 0.017445
 0.013302
 0.015845
 0.017632
 0.015947
 0.013508
 0.016311
 0.013956
 0.015520
 0.018666
 0.016182
 0.016713
 0.019038
 0.020852
 0.015032
 0.014630
 0.016889
 0.018991
 0.017726
 0.018051
 0.018390
 0.017716
 0.014712
 0.018586
 0.017434
 0.016467
 0.017709
 0.017771
 0.013515
 0.017248
 0.014895
 0.017130
 0.014339
 0.015825
 0.014305
 0.017792
 0.014441
 0.018203
 0.015555
 0.018879
 0.017317
 0.015126
 0.015849
 0.013700
 0.019769
 0.014932
 0.015039
 0.014103
 0.012693
 0.014372
 0.013990
 0.017262
 0.015857
 0.014236
 0.017645
 0.012285
 0.014508
 0.017709
 0.014952
 0.011516
 0.012963
 0.016117
 0.011296
 0.020396
 0.014627
 0.013311
 0.015115
 0.015369
 0.014646
 0.017517
 0.021635
 0.013904
 0.018384
 0.019366
 0.014849
 0.017532
 0.015056
 0.014949
 0.017800
 0.020674
 0.014227
 0.015006
 0.024382
 0.018747
 0.020255
 0.019973
 0.019279
 0.019469
 0.015695
 0.015477
 0.015364
 0.017766
 0.014261
 0.014794
 0.015793
 0.014317
 0.019127
 0.019632
 0.018839
 0.013725
 0.014375
 0.014957
 0.022012
 0.018606
 0.018686
 0.018770
 0.016345
 0.019129
 0.014983
 0.016377
 0.017794
 0.018607
 0.016955
 0.015939
 0.017185
 0.020832
 0.014402
 0.013287
 0.013682
 0.013619
 0.016865
 0.014880
 0.013900
 0.015139
 0.014016
 0.018278
 0.013661
 0.014357
 0.013069
 0.013310
 0.018636
 0.013929
 0.015319
 0.013155
 0.013876
 0.018262
 0.018377
 0.015576
 0.017344
 0.015929
 0.015539
 0.013626
 0.015097
 0.014249
 0.013320
 0.012929
 0.018051
 0.014282
 0.014492
 0.019957
 0.012731
 0.015693
 0.018356
 0.013282
 0.015032
 0.021222
 0.018398
 0.014489
 0.019083
 0.014516
 0.015927
 0.015911
 0.016134
 0.018671
 0.017986
 0.018513
 0.018188
 0.015942
 0.016516
 0.015991
 0.013129
 0.016177
 0.018909
 0.015942
 0.018317
 0.018959
 0.015178
 0.019896
 0.019504
 0.019401
 0.014308
 0.012961
 0.015015
 0.015376
 0.014826
 0.017911
 0.013160
 0.013735
 0.013294
 0.017852
 0.014659
 0.018100
 0.015922
 0.015312
 0.018136
 0.016757
 0.018176
 0.014217
 0.011618
 0.016902
 0.021246
 0.015423
 0.017162
 0.014938
 0.016798
 0.014117
 0.016986
 0.014818
 0.018818
 0.015856
 0.016570
 0.014753
 0.018784
 0.016766
 0.018758
 0.014567
 0.018136
 0.018324
 0.016692
 0.016027
 0.016243
 0.018309
 0.019002
 0.016410
 0.018539
 0.015042
 0.017942
 0.019717
 0.021458
 0.019480
 0.013950
 0.020576
 0.018791
 0.019553
 0.017345
 0.015317
 0.020436
 0.014995
 0.018831
 0.017296
 0.017735
 0.013501
 0.014838
 0.018923
 0.013233
 0.017991
 0.014979
 0.013643
 0.014162
 0.013955
 0.018530
 0.014624
 0.014424
 0.013576
 0.014364
 0.018944
 0.014665
 0.014691
 0.013889
 0.020846
 0.018331
 0.023394
 0.016190
 0.019239
 0.017115
 0.016893
 0.019861
 0.017837
 0.017904
 0.017541
 0.016573
 0.014402
 0.018251
 0.015741
 0.018218
 0.019064
 0.016259
 0.017469
 0.016243
 0.016734
 0.015823
 0.019912
 0.018976
 0.020602
 0.012732
 0.014212
 0.015565
 0.016781
 0.017763
 0.018222
 0.012732
 0.016254
 0.014553
 0.014852
 0.015370
 0.013706
 0.015220
 0.017791
 0.014288
 0.014725
 0.015226
 0.015195
 0.019242
 0.021256
 0.019858
 0.016769
 0.015128
 0.014913
 0.014902
 0.019451
 0.017125
 0.014576
 0.016116
 0.019603
 0.018000
 0.015012
 0.014331
 0.014276
 0.017750
 0.017167
 0.019453
 0.018268
 0.013896
 0.014037
 0.018157
 0.013794
 0.014993
 0.015090
 0.016218
 0.015312
 0.014600
 0.017135
 0.014371
 0.014084
 0.014671
 0.020512
 0.018086
 0.017623
 0.014665
 0.015376
 0.021122
 0.016625
 0.017671
 0.019464
 0.013811
 0.015026
 0.019600
 0.017887
 0.018487
 0.015578
 0.016077
 0.025068
 0.018194
 0.015784
 0.014499
 0.017487
 0.016373
 0.015545
 0.018646
 0.017780
 0.019133
 0.014778
 0.018660
 0.018158
 0.019904
 0.021181
 0.015029
 0.018478
 0.012406
 0.015830
 0.024612
 0.017495
 0.018667
 0.012416
 0.019311
 0.017664
 0.015174
 0.017605
 0.020809
 0.019173
 0.015178
 0.018911
 0.017845
 0.013231
 0.020466
 0.018291
 0.020118
 0.016757
 0.018134
 0.014576
 0.023671
 0.018632
 0.017873
 0.019610
 0.015027
 0.030352
 0.016948
 0.015952
 0.017551
 0.016557
 0.017954
 0.015723
 0.018511
 0.015831
 0.020161
 0.014740
 0.022197
 0.020101
 0.020373
 0.020404
 0.013368
 0.015368
 0.014172
 0.018345
 0.016721
 0.013689
 0.019741
 0.016104
 0.013573
 0.013729
 0.014951
 0.015655
 0.013190
 0.012992
 0.012931
 0.017460
 0.014540
 0.018562
 0.015905
 0.018117
 0.019808
 0.014847
 0.014352
 0.015828
 0.015826
 0.016225
 0.016970
 0.017588
 0.018541
 0.016941
 0.015914
 0.018660
 0.018874
 0.019837
 0.017294
 0.022344
 0.011924
 0.015571
 0.018289
 0.019179
 0.018573
 0.018834
 0.012760
 0.016058
 0.018727
 0.011986
 0.015926
 0.016946
 0.012797
 0.014685
 0.016092
 0.013908
 0.011321
 0.019391
 0.012899
 0.018200
 0.015186
 0.011666
 0.012317
 0.013855
 0.015299
 0.015125
 0.016294
 0.015143
 0.013822
 0.013983
 0.015709
 0.013660
 0.018879
 0.016078
 0.014918
 0.015239
 0.019485
 0.015332
 0.015057
 0.015020
 0.016840
 0.017981
 0.016741
 0.015894
 0.013668
 0.016335
 0.019807
 0.017160
 0.016468
 0.016439
 0.021216
 0.017452
 0.018377
 0.016219
 0.014267
 0.019294
 0.017382
 0.013845
 0.014892
 0.018905
 0.015172
 0.018956
 0.015041
 0.019900
 0.019189
 0.017490
 0.015130
 0.017972
 0.016793
 0.018406
 0.018090
 0.015571
 0.014580
 0.019240
 0.016358
 0.018493
 0.013736
 0.016419
 0.012832
 0.020113
 0.018165
 0.020649
 0.018350
 0.019122
 0.020572
 0.020261
 0.014973
 0.017347
 0.018217
 0.016806
 0.013977
 0.013913
 0.019058
 0.019456
 0.015151
 0.014342
 0.015704
 0.015494
 0.019601
 0.017086
 0.019458
 0.018507
 0.017834
 0.015409
 0.018526
 0.015857
 0.019148
 0.020206
 0.018948
 0.018991
 0.017570
 0.019643
 0.017912
 0.017507
 0.012734
 0.017746
 0.018539
 0.020782
 0.016313
 0.015647
 0.019052
 0.014312
 0.019900
 0.016384
 0.019517
 0.019695
 0.017713
 0.020112
 0.016786
 0.014891
 0.015707
 0.017228
 0.019184
 0.016653
 0.019728
 0.018603
 0.020779
 0.020853
 0.019860
 0.019310
 0.018761
 0.014685
 0.019764
 0.015134
 0.019693
 0.019383
 0.019489
 0.014469
 0.014258
 0.019670
 0.014935
 0.018881
 0.015136
 0.020623
 0.020573
 0.019433
 0.017076
 0.020379
 0.019971
 0.018006
 0.017142
 0.020097
 0.017772
 0.015930
 0.016488
 0.019053
 0.015985
 0.019586
 0.019588
 0.017015
 0.015172
 0.014721
 0.021669
 0.020270
 0.018607
 0.020795
 0.016507
 0.020025
 0.019561
 0.018747
 0.015932
 0.021392
 0.016197
 0.015692
 0.020050
 0.019815
 0.015113
 0.013653
 0.016497
 0.014776
 0.016022
 0.018797
 0.015895
 0.019692
 0.017406
 0.014944
 0.014114
 0.012885
 0.019652
 0.017854
 0.016904
 0.014386
 0.015345
 0.017349
 0.012569
 0.013690
 0.017384
 0.019038
 0.018119
 0.018166
 0.013142
 0.016282
 0.015909
 0.016669
 0.014632
 0.013428
 0.018273
 0.015492
 0.012672
 0.013725
 0.015672
 0.016863
 0.018576
 0.019549
 0.016520
 0.018689
 0.018701
 0.013941
 0.018021
 0.016034
 0.017535
 0.017424
 0.016677
 0.014423
 0.014373
 0.016005
 0.014233
 0.013870
 0.011597
 0.017421
 0.013263
 0.017465
 0.017061
 0.018511
 0.013137
 0.014026
 0.018983
 0.014947
 0.016807
 0.015537
 0.018434
 0.015925
 0.013978
 0.021383
 0.017012
 0.014396
 0.019523
 0.017751
 0.016464
 0.017825
 0.014142
 0.014922
 0.014345
 0.020575
 0.019350
 0.019027
 0.015482
 0.014699
 0.015057
 0.015121
 0.018702
 0.017613
 0.020870
 0.016988
 0.019329
 0.014421
 0.019912
 0.017865
 0.016295
 0.016151
 0.017428
 0.019777
 0.016688
 0.016843
 0.017411
 0.014854
 0.018084
 0.017706
 0.015755
 0.017879
 0.013277
 0.015835
 0.015113
 0.016096
 0.014098
 0.015484
 0.015547
 0.015634
 0.016974
 0.019637
 0.016273
 0.014788
 0.016022
 0.012850
 0.018075
 0.016385
 0.016885
 0.017604
 0.013273
 0.016389
 0.016208
 0.020283
 0.015943
 0.020099
 0.013475
 0.016993
 0.017644
 0.018555
 0.015519
 0.016882
 0.014634
 0.015665
 0.016254
 0.017281
 0.013973
 0.020381
 0.017802
 0.016511
 0.017509
 0.020269
 0.014628
 0.019344
 0.019712
 0.018456
 0.015930
 0.013150
 0.019356
 0.013707
 0.013967
 0.013720
 0.013410
 0.018196
 0.015118
 0.019066
 0.014267
 0.016047
 0.014748
 0.020490
 0.015983
 0.014845
 0.020936
 0.016984
 0.019350
 0.019430
 0.015530
 0.013814
 0.013734
 0.014989
 0.017648
 0.013909
 0.015079
 0.018653
 0.014545
 0.014083
 0.015496
 0.019465
 0.014538
 0.013073
 0.013648
 0.014212
 0.017393
 0.014244
 0.012826
 0.013868
 0.024583
 0.012890
 0.014533
 0.018568
 0.019131
 0.018884
 0.017212
 0.014676
 0.014881
 0.015360
 0.013483
 0.013911
 0.015011
 0.015277
 0.013558
 0.012579
 0.013840
 0.016479
 0.015119
 0.014483
 0.017973
 0.017538
 0.014304
 0.017924
 0.015443
 0.013059
 0.018497
 0.020348
 0.018210
 0.017517
 0.013805
 0.016842
 0.016753
 0.019339
 0.017106
 0.018188
 0.015757
 0.013671
 0.014279
 0.017458
 0.021413
 0.014149
 0.016424
 0.018597
 0.012849
 0.012899
 0.015407
 0.012634
 0.014811
 0.017124
 0.017931
 0.018867
 0.015104
 0.018556
 0.014548
 0.022921
 0.016622
 0.013704
 0.013782
 0.016451
 0.017077
 0.019182
 0.015775
 0.018104
 0.013759
 0.016973
 0.014126
 0.012888
 0.013805
 0.014130
 0.013337
 0.015911
 0.015984
 0.019253
 0.014997
 0.015896
 0.015759
 0.013325
 0.014373
 0.017787
 0.018105
 0.014424
 0.014948
 0.018797
 0.018033
 0.018254
 0.018078
 0.013797
 0.017432
 0.013427
 0.015831
 0.014487
 0.015942
 0.014944
 0.017781
 0.013633
 0.012735
 0.013856
 0.014922
 0.020047
 0.015593
 0.016781
 0.018607
 0.018399
 0.014610
 0.014709
 0.013904
 0.013669
 0.015132
 0.014316
 0.017455
 0.016790
 0.016183
 0.017233
 0.011098
 0.016818
 0.011961
 0.017238
 0.014020
 0.014524
 0.016975
 0.013870
 0.018923
 0.017392
 0.018369
 0.013942
 0.018497
 0.018039
 0.014915
 0.014446
 0.014265
 0.019455
 0.017872
 0.015673
 0.017647
 0.015713
 0.019446
 0.014310
 0.015992
 0.017253
 0.012394
 0.017136
 0.013115
 0.012770
 0.016239
 0.018218
 0.016308
 0.012155
 0.012882
 0.013469
 0.016734
 0.015968
 0.012398
 0.012062
 0.011434
 0.016497
 0.016389
 0.012052
 0.016563
 0.011156
 0.015767
 0.018681
 0.020775
 0.019448
 0.017474
 0.017153
 0.016141
 0.016597
 0.021517
 0.017291
 0.020510
 0.019233
 0.020801
 0.014008
 0.020750
 0.021047
 0.015616
 0.019025
 0.017688
 0.015664
 0.019569
 0.020196
 0.017502
 0.020018
 0.019386
 0.019252
 0.016770
 0.018754
 0.016144
 0.016221
 0.013861
 0.017780
 0.020634
 0.015790
 0.018366
 0.017195
 0.015900
 0.013032
 0.012399
 0.018043
 0.012846
 0.014275
 0.012489
 0.016457
 0.015357
 0.018496
 0.020834
 0.016385
 0.014285
 0.015553
 0.012516
 0.013102
 0.015048
 0.016153
 0.015902
 0.019154
 0.013939
 0.013778
 0.013437
 0.015218
 0.018057
 0.014446
 0.015548
 0.017543
 0.014399
 0.014938
 0.017468
 0.014122
 0.017855
 0.018925
 0.018084
 0.014632
 0.014784
 0.012363
 0.014984
 0.016417
 0.016649
 0.013642
 0.013978
 0.017466
 0.013749
 0.014987
 0.015651
 0.013684
 0.011854
 0.015413
 0.014546
 0.014652
 0.014350
 0.014980
 0.016714
 0.015997
 0.018049
 0.015476
 0.019330
 0.013780
 0.017266
 0.015266
 0.015886
 0.014529
 0.013971
 0.016831
 0.017007
 0.013154
 0.015926
 0.019898
 0.013355
 0.022010
 0.013505
 0.016062
 0.016272
 0.018418
 0.018551
 0.015371
 0.014485
 0.014599
 0.014307
 0.015929
 0.013444
 0.013112
 0.013684
 0.014784
 0.018241
 0.013680
 0.015104
 0.013530
 0.015490
 0.016497
 0.016002
 0.013679
 0.014283
 0.022221
 0.015690
 0.015095
 0.018931
 0.018704
 0.019580
 0.014197
 0.023164
 0.017444
 0.019314
 0.018553
 0.016730
 0.018554
 0.014597
 0.014286
 0.015854
 0.015237
 0.015490
 0.014551
 0.013239
 0.014538
 0.016055
 0.016279
 0.014748
 0.014870
 0.015704
 0.018513
 0.017142
 0.017402
 0.015201
 0.014998
 0.019504
 0.014786
 0.017081
 0.015493
 0.017339
 0.016628
 0.014890
 0.015643
 0.015998
 0.016708
 0.012828
 0.018065
 0.016154
 0.015445
 0.020203
 0.016404
 0.016645
 0.014857
 0.015653
 0.016056
 0.016236
 0.016410
 0.015742
 0.014675
 0.019000
 0.018839
 0.020089
 0.015515
 0.016765
 0.017532
 0.014498
 0.016563
 0.015312
 0.015237
 0.014756
 0.019119
 0.016959
 0.012686
 0.013498
 0.017797
 0.012546
 0.017446
 0.013892
 0.018396
 0.016960
 0.013182
 0.013879
 0.015918
 0.014824
 0.013937
 0.014598
 0.017905
 0.015742
 0.018537
 0.018605
 0.014876
 0.016142
 0.019694
 0.015318
 0.018475
 0.019254
 0.015342
 0.018340
 0.016977
 0.017154
 0.020469
 0.019889
 0.018680
 0.014626
 0.017240
 0.019703
 0.014869
 0.015539
 0.013531
 0.014225
 0.014817
 0.014383
 0.019165
 0.016003
 0.014111
 0.014478
 0.014560
 0.014903
 0.014289
 0.015807
 0.012447
 0.017625
 0.012861
 0.018493
 0.018146
 0.015952
 0.016038
 0.015782
 0.019571
 0.016870
 0.018145
 0.019401
 0.013454
 0.017821
 0.018704
 0.019509
 0.017727
 0.018462
 0.021877
 0.020238
 0.018912
 0.020061
 0.015509
 0.013650
 0.013020
 0.015744
 0.014749
 0.015366
 0.015705
 0.016126
 0.016192
 0.016501
 0.014246
 0.014840
 0.015142
 0.013925
 0.013934
 0.015254
 0.015946
 0.014545
 0.013261
 0.014318
 0.019567
 0.014974
 0.013971
 0.017137
 0.014082
 0.012125
 0.013729
 0.013530
 0.012627
 0.012853
 0.011587
 0.013985
 0.015794
 0.015191
 0.013286
 0.014266
 0.018084
 0.016086
 0.018372
 0.012061
 0.018017
 0.016574
 0.014990
 0.019633
 0.022099
 0.013656
 0.014984
 0.018142
 0.014593
 0.016656
 0.012189
 0.011921
 0.012170
 0.023216
 0.017577
 0.017328
 0.020042
 0.012799
 0.014643
 0.014699
 0.013151
 0.012783
 0.013218
 0.017982
 0.013142
 0.014432
 0.014882
 0.013276
 0.013332
 0.014401
 0.018009
 0.013082
 0.016888
 0.011677
 0.011232
 0.010932
 0.011576
 0.011554
 0.011897
 0.014362
 0.011604
 0.015450
 0.011030
 0.010511
 0.012772
 0.012645
 0.010585
 0.011280
 0.011293
 0.015373
 0.011385
 0.015578
 0.014590
 0.017346
 0.011986
 0.015659
 0.011318
 0.014862
 0.018453
 0.020478
 0.012956
 0.013475
 0.013041
 0.007594
 0.014767
 0.014126
 0.020245
 0.011469
 0.013523
 0.013113
 0.012683
 0.018562
 0.016184
 0.015684
 0.012636
 0.011727
 0.014539
 0.015537
 0.013608
 0.010690
 0.014059
 0.011576
 0.012047
 0.010147
 0.013508
 0.010305
 0.014977
 0.015835
 0.013701
 0.017303
 0.015858
 0.013604
 0.013184
 0.016612
 0.013591
 0.016741
 0.017017
 0.011678
 0.011643
 0.015339
 0.012337
 0.011194
 0.010701
 0.011837
 0.012177
 0.012433
 0.011566
 0.015216
 0.015771
 0.014503
 0.015949
 0.010498
 0.013506
 0.008819
 0.010249
 0.011317
 0.019358
 0.016994
 0.012578
 0.015457
 0.015651
 0.016158
 0.014316
 0.013068
 0.013014
 0.016522
 0.013703
 0.017735
 0.014727
 0.014212
 0.018789
 0.016614
 0.017280
 0.012364
 0.013109
 0.019680
 0.013006
 0.014089
 0.015547
 0.014685
 0.018674
 0.014569
 0.016169
 0.016399
 0.015858
 0.019144
 0.014285
 0.011713
 0.015656
 0.013902
 0.017849
 0.014247
 0.017349
 0.013682
 0.014296
 0.014053
 0.015590
 0.019603
 0.014487
 0.019949
 0.016574
 0.018503
 0.015702
 0.014554
 0.012162
 0.016622
 0.015180
 0.016162
 0.015657
 0.013483
 0.011355
 0.015346
 0.012115
 0.014284
 0.014972
 0.016057
 0.017350
 0.014009
 0.013795
 0.017411
 0.018278
 0.013275
 0.014897
 0.012143
 0.013320
 0.019427
 0.017099
 0.014498
 0.014196
 0.018765
 0.018511
 0.013601
 0.015778
 0.014609
 0.014067
 0.014306
 0.016076
 0.015253
 0.016628
 0.019463
 0.013653
 0.014140
 0.018247
 0.017421
 0.018309
 0.013568
 0.013285
 0.018729
 0.015452
 0.018186
 0.017626
 0.016137
 0.017873
 0.019434
 0.020688
 0.020437
 0.019625
 0.015545
 0.018529
 0.023274
 0.016449
 0.016662
 0.015798
 0.018658
 0.017563
 0.019897
 0.015674
 0.017979
 0.021231
 0.016826
 0.015765
 0.015793
 0.015383
 0.015320
 0.017680
 0.017479
 0.016011
 0.024045
 0.018337
 0.014923
 0.014938
 0.015605
 0.016238
 0.019291
 0.013649
 0.016780
 0.016536
 0.016483
 0.017802
 0.015183
 0.019649
 0.021147
 0.020707
 0.016817
 0.017671
 0.016085
 0.017464
 0.019610
 0.020518
 0.015434
 0.020227
 0.020075
 0.014363
 0.018695
 0.018565
 0.019997
 0.019216
 0.020658
 0.016055
 0.023914
 0.018838
 0.018865
 0.020081
 0.015309
 0.018231
 0.020181
 0.017783
 0.018167
 0.019965
 0.013517
 0.013532
 0.020937
 0.017701
 0.017021
 0.016727
 0.012296
 0.013070
 0.019440
 0.016728
 0.017121
 0.017085
 0.012846
 0.014586
 0.013453
 0.012988
 0.015916
 0.015076
 0.012300
 0.011209
 0.021875
 0.016389
 0.014903
 0.016732
 0.011933
 0.016772
 0.013736
 0.028697
 0.013905
 0.012117
 0.015477
 0.018344
 0.012096
 0.016788
 0.017844
 0.015405
 0.012089
 0.018584
 0.012749
 0.015512
 0.021779
 0.010918
 0.010516
 0.015796
 0.016250
 0.015604
 0.017882
 0.015087
 0.015971
 0.020059
 0.015825
 0.017772
 0.009081
 0.022572
 0.015729
 0.016210
 0.016174
 0.016520
 0.018622
 0.018317
 0.018868
 0.018244
 0.019103
 0.019279
 0.020325
 0.014639
 0.015238
 0.019460
 0.015030
 0.017874
 0.020229
 0.019166
 0.019184
 0.017394
 0.018364
 0.013027
 0.022204
 0.018588
 0.014232
 0.019578
 0.016707
 0.016669
 0.015103
 0.017706
 0.016193
 0.016914
 0.017859
 0.015490
 0.011913
 0.018780
 0.011632
 0.016484
 0.017778
 0.008814
 0.014465
 0.013293
 0.015557
 0.014241
 0.012353
 0.014885
 0.018833
 0.015349
 0.016260
 0.016330
 0.011590
 0.009524
 0.016780
 0.019311
 0.014663
 0.015800
 0.016317
 0.010035
 0.015281
 0.015005
 0.010991
 0.018440
 0.015343
 0.015494
 0.014959
 0.010801
 0.012072
 0.015770
 0.016295
 0.015237
 0.016209
 0.015878
 0.013860
 0.012505
 0.013708
 0.010871
 0.017515
 0.015264
 0.015346
 0.015228
 0.011270
 0.014921
 0.013469
 0.011796
 0.014031
 0.013238
 0.041885
 0.006558
 0.013479
 0.011284
 0.013964
 0.008056
 0.012733
 0.061442
 0.007907
 0.011041
 0.014851
 0.009869
 0.010413
 0.010697
 0.015674
 0.011017
 0.010116
 0.016028
 0.014357
 0.009854
 0.024545
 0.010985
 0.014595
 0.022126
 0.013653
 0.012308
 0.014537
 0.015008
 0.011012
 0.014775
 0.015047
 0.015287
 0.020250
 0.010753
 0.014318
 0.029394
 0.015479
 0.013191
 0.011893
 0.014441
 0.010807
 0.014724
 0.014795
 0.010430
 0.016404
 0.010849
 0.015874
 0.009834
 0.014819
 0.013781
 0.024591
 0.013224
 0.015539
 0.013116
 0.014804
 0.010053
 0.009340
 0.011668
 0.010216
 0.013248
 0.011715
 0.011145
 0.013047
 0.010867
 0.014160
 0.009644
 0.011294
 0.013328
 0.010185
 0.011975
 0.014994
 0.012587
 0.015589
 0.014559
 0.019079
 0.018325
 0.013948
 0.016151
 0.019945
 0.018560
 0.019738
 0.012900
 0.032622
 0.014280
 0.023848
 0.015120
 0.019023
 0.015077
 0.021085
 0.018693
 0.020663
 0.012637
 0.014838
 0.010898
 0.010493
 0.011089
 0.015085
 0.019309
 0.011006
 0.015656
 0.009569
 0.010269
 0.013608
 0.014019
 0.010053
 0.015213
 0.009454
 0.009541
 0.011175
 0.013556
 0.012116
 0.014781
 0.011352
 0.010976
 0.013860
 0.015187
 0.013327
 0.012818
 0.008944
 0.010586
 0.010781
 0.011789
 0.013702
 0.009833
 0.010260
 0.015284
 0.010294
 0.074206
 0.010146
 0.009171
 0.010750
 0.008791
 0.015283
 0.014082
 0.013260
 0.010917
 0.011252
 0.013975
 0.015501
 0.013581
 0.014501
 0.015998
 0.009459
 0.012992
 0.014223
 0.014322
 0.010619
 0.011641
 0.014478
 0.011692
 0.014877
 0.014979
 0.009856
 0.010779
 0.012060
 0.013268
 0.008190
 0.010443
 0.010624
 0.010565
 0.011677
 0.013037
 0.012264
 0.011351
 0.007815
 0.008010
 0.008895
 0.008494
 0.011920
 0.008304
 0.010248
 0.008112
 0.014075
 0.011221
 0.012349
 0.009225
 0.011240
 0.007298
 0.007256
 0.006767
 0.008063
 0.008672
 0.013517
 0.013271
 0.014225
 0.007919
 0.007906
 0.028564
 0.010883
 0.014455
 0.011550
 0.009593
 0.011009
 0.011114
 0.013063
 0.014787
 0.014327
 0.009846
 0.009523
 0.012259
 0.010386
 0.011673
 0.010871
 0.012743
 0.011013
 0.010393
 0.010633
 0.013905
 0.014777
 0.014112
 0.008309
 0.014879
 0.014399
 0.010764
 0.013824
 0.012254
 0.022293
 0.011060
 0.014506
 0.015668
 0.011267
 0.009833
 0.012010
 0.009430
 0.010825
 0.010386
 0.009506
 0.010769
 0.011708
 0.011072
 0.014623
 0.012487
 0.018055
 0.013726
 0.014533
 0.008867
 0.009692
 0.015533
 0.008624
 0.010094
 0.011434
 0.012438
 0.014176
 0.012023
 0.008941
 0.009572
 0.014829
 0.061823
 0.006131
 0.012664
 0.011722
 0.011442
 0.011443
 0.011720
 0.013011
 0.009867
 0.012026
 0.007869
 0.014851
 0.014404
 0.010281
 0.014816
 0.010332
 0.011198
 0.013319
3017 frames decoded in toal.
