Configure resampler: libSwResample
 0.030218
 0.033075
 0.034443
 0.034175
 0.025974
 0.021379
 0.020205
 0.025235
 0.023601
 0.029619
 0.017099
 0.016417
 0.022077
 0.018978
 0.016946
 0.017947
 0.014318
 0.019758
 0.019579
 0.018650
 0.015222
 0.015626
 0.017218
 0.014259
 0.017708
 0.020087
 0.020334
 0.021432
 0.022177
 0.020216
 0.018709
 0.027325
 0.016984
 0.017445
 0.036350
 0.020943
 0.025995
 0.029035
 0.022241
 0.040970
 0.027605
 0.025453
 0.017250
 0.019585
 0.024248
 0.013563
 0.015868
 0.019425
 0.013923
 0.013663
 0.017382
 0.015260
 0.012435
 0.013596
 0.017173
 0.015895
 0.015238
 0.011919
 0.013741
 0.020681
 0.012626
 0.016159
 0.018858
 0.017187
 0.013548
 0.023567
 0.013303
 0.013002
 0.025034
 0.013318
 0.014690
 0.013616
 0.012106
 0.009727
 0.021385
 0.017094
 0.016647
 0.015364
 0.011501
 0.016834
 0.014130
 0.013143
 0.013548
 0.018386
 0.015580
 0.010237
 0.015205
 0.012721
 0.012164
 0.019208
 0.015317
 0.015203
 0.015351
 0.012910
 0.012147
 0.013244
 0.010940
 0.012886
 0.017874
 0.012835
 0.013694
 0.013909
 0.017573
 0.013312
 0.018150
 0.015904
 0.011011
 0.010558
 0.013473
 0.011095
 0.015482
 0.015716
 0.015995
 0.009726
 0.015616
 0.011585
 0.010200
 0.012125
 0.015400
 0.028636
 0.019194
 0.012654
 0.021782
 0.011931
 0.012353
 0.017169
 0.013712
 0.013794
 0.013326
 0.010832
 0.010893
 0.015188
 0.012880
 0.012999
 0.022178
 0.011460
 0.012393
 0.015728
 0.017782
 0.017795
 0.016598
 0.016796
 0.012100
 0.011864
 0.012060
 0.011828
 0.015871
 0.012380
 0.014440
 0.018926
 0.012918
 0.011593
 0.019354
 0.012044
 0.013959
 0.017601
 0.018069
 0.016981
 0.013608
 0.014434
 0.021136
 0.012827
 0.021027
 0.013100
 0.012630
 0.016519
 0.016799
 0.012866
 0.020737
 0.016589
 0.011224
 0.019173
 0.017137
 0.011128
 0.014714
 0.013192
 0.017912
 0.021814
 0.014553
 0.018006
 0.017081
 0.017848
 0.013209
 0.013757
 0.016274
 0.011830
 0.019811
 0.013640
 0.012532
 0.018004
 0.012449
 0.012541
 0.021758
 0.017182
 0.011794
 0.014392
 0.014869
 0.010670
 0.018959
 0.014522
 0.017655
 0.016619
 0.017213
 0.017748
 0.016577
 0.017166
 0.015444
 0.017806
 0.017605
 0.016653
 0.017458
 0.015566
 0.016944
 0.020823
 0.015507
 0.013412
 0.021302
 0.013273
 0.014370
 0.017446
 0.014126
 0.011794
 0.018718
 0.015149
 0.017039
 0.015954
 0.017410
 0.019405
 0.018875
 0.018699
 0.018430
 0.014531
 0.013348
 0.012652
 0.018063
 0.017567
 0.013449
 0.009861
 0.015330
 0.029050
 0.014496
 0.016034
 0.010975
 0.013141
 0.014931
 0.016640
 0.018671
 0.013978
 0.020388
 0.018169
 0.014673
 0.018010
 0.022476
 0.013709
 0.016191
 0.019959
 0.016609
 0.014027
 0.016111
 0.019265
 0.018013
 0.015345
 0.014027
 0.015292
 0.014777
 0.017608
 0.016314
 0.020225
 0.015066
 0.020274
 0.016638
 0.014293
 0.017499
 0.011972
 0.019517
 0.011024
 0.013750
 0.021024
 0.016703
 0.011773
 0.014322
 0.018859
 0.013769
 0.017306
 0.016458
 0.014668
 0.018357
 0.019824
 0.012650
 0.016483
 0.016561
 0.020749
 0.016825
 0.019773
 0.018756
 0.017806
 0.020741
 0.017680
 0.016876
 0.020512
 0.022189
 0.012458
 0.020400
 0.018194
 0.017957
 0.019858
 0.017295
 0.021281
 0.021577
 0.019118
 0.018104
 0.020539
 0.013849
 0.012418
 0.017633
 0.014499
 0.017887
 0.017715
 0.015105
 0.014845
 0.021440
 0.017658
 0.011858
 0.017409
 0.013193
 0.014272
 0.018389
 0.014460
 0.012538
 0.021564
 0.014551
 0.018232
 0.016310
 0.012379
 0.016782
 0.016639
 0.012840
 0.017018
 0.016258
 0.012659
 0.013450
 0.015346
 0.012653
 0.018222
 0.020096
 0.014634
 0.018841
 0.013086
 0.015547
 0.017306
 0.013051
 0.018266
 0.015174
 0.015336
 0.017944
 0.016934
 0.012478
 0.018268
 0.014176
 0.023808
 0.014872
 0.017047
 0.015297
 0.020930
 0.018012
 0.014887
 0.020522
 0.018927
 0.019844
 0.020234
 0.016335
 0.013829
 0.017616
 0.018853
 0.018180
 0.016796
 0.017180
 0.018944
 0.015266
 0.018865
 0.013943
 0.020802
 0.015177
 0.019414
 0.013491
 0.014645
 0.016795
 0.018048
 0.014014
 0.013430
 0.012505
 0.018137
 0.017135
 0.015647
 0.014694
 0.018385
 0.010939
 0.021404
 0.018091
 0.017870
 0.014941
 0.013921
 0.015889
 0.013309
 0.019710
 0.015155
 0.011976
 0.016808
 0.014994
 0.018721
 0.018142
 0.014434
 0.017427
 0.013992
 0.015706
 0.014648
 0.018809
 0.015053
 0.013679
 0.018350
 0.016251
 0.016030
 0.014648
 0.016798
 0.014263
 0.013573
 0.017554
 0.018438
 0.014265
 0.011899
 0.012372
 0.016628
 0.015449
 0.011185
 0.013178
 0.015530
 0.020069
 0.014266
 0.013511
 0.012210
 0.013812
 0.017059
 0.018570
 0.019220
 0.019566
 0.013676
 0.012306
 0.015462
 0.014587
 0.014993
 0.017009
 0.018223
 0.017837
 0.019113
 0.013439
 0.014426
 0.016785
 0.014829
 0.017942
 0.017730
 0.017216
 0.017718
 0.017077
 0.015807
 0.015739
 0.014793
 0.016437
 0.013369
 0.018493
 0.015399
 0.013311
 0.016774
 0.015331
 0.014815
 0.012295
 0.015988
 0.017512
 0.015614
 0.007562
 0.017244
 0.015742
 0.015440
 0.014509
 0.019100
 0.012695
 0.017453
 0.015485
 0.015665
 0.016379
 0.016405
 0.013299
 0.015802
 0.015759
 0.016875
 0.014701
 0.017839
 0.019785
 0.013135
 0.016584
 0.015501
 0.018379
 0.019036
 0.014016
 0.020289
 0.018637
 0.015620
 0.017791
 0.019663
 0.012419
 0.013189
 0.015050
 0.013196
 0.013308
 0.016505
 0.019457
 0.014677
 0.017340
 0.018558
 0.015179
 0.015480
 0.017110
 0.012794
 0.016455
 0.017485
 0.017773
 0.016424
 0.016346
 0.012695
 0.015119
 0.013601
 0.013678
 0.013441
 0.011882
 0.012053
 0.015645
 0.016845
 0.018245
 0.016192
 0.017912
 0.016013
 0.015297
 0.018517
 0.012635
 0.014579
 0.012464
 0.017830
 0.015212
 0.016506
 0.016468
 0.015535
 0.013200
 0.016317
 0.019608
 0.012934
 0.017230
 0.013112
 0.017303
 0.017088
 0.016792
 0.012058
 0.015019
 0.014640
 0.013366
 0.016243
 0.019959
 0.015090
 0.015799
 0.018160
 0.019154
 0.013601
 0.015128
 0.015061
 0.016069
 0.017288
 0.015426
 0.013720
 0.013864
 0.014433
 0.016329
 0.018908
 0.016793
 0.011199
 0.015830
 0.020578
 0.013974
 0.015155
 0.018443
 0.015755
 0.019563
 0.019540
 0.021531
 0.014053
 0.016203
 0.013667
 0.014266
 0.014747
 0.017148
 0.017321
 0.012734
 0.019511
 0.019404
 0.015274
 0.016408
 0.015083
 0.013951
 0.018623
 0.013130
 0.017011
 0.020659
 0.017717
 0.015398
 0.015871
 0.015448
 0.014261
 0.014779
 0.017854
 0.013619
 0.018704
 0.014181
 0.018768
 0.017310
 0.013275
 0.019312
 0.016442
 0.015385
 0.017628
 0.016457
 0.013520
 0.017183
 0.018196
 0.019467
 0.017672
 0.013664
 0.014463
 0.019688
 0.019192
 0.017554
 0.016443
 0.015017
 0.019102
 0.016616
 0.013677
 0.016254
 0.013508
 0.014691
 0.018045
 0.014157
 0.015917
 0.018588
 0.012666
 0.013017
 0.015023
 0.013655
 0.015286
 0.014347
 0.013499
 0.011606
 0.013685
 0.013626
 0.014894
 0.018771
 0.015789
 0.014057
 0.015908
 0.015492
 0.014059
 0.016868
 0.014957
 0.015628
 0.015312
 0.015585
 0.016486
 0.017638
 0.014917
 0.017648
 0.014866
 0.017121
 0.014172
 0.014297
 0.013681
 0.015245
 0.017527
 0.013020
 0.015023
 0.011740
 0.016337
 0.012416
 0.018782
 0.014348
 0.016908
 0.012528
 0.015715
 0.016656
 0.018113
 0.017038
 0.013476
 0.011750
 0.015615
 0.016760
 0.010991
 0.011807
 0.012586
 0.012449
 0.014744
 0.013323
 0.018524
 0.015934
 0.012984
 0.014258
 0.012170
 0.017524
 0.017302
 0.017023
 0.018509
 0.016314
 0.015500
 0.014702
 0.015376
 0.021342
 0.020355
 0.016680
 0.016927
 0.015884
 0.015284
 0.019123
 0.016961
 0.019706
 0.014130
 0.020680
 0.016872
 0.019613
 0.018770
 0.020709
 0.016661
 0.016576
 0.018577
 0.014028
 0.016565
 0.018196
 0.019995
 0.016326
 0.013644
 0.013907
 0.020685
 0.019140
 0.020195
 0.017096
 0.014237
 0.017432
 0.019447
 0.015589
 0.021520
 0.014928
 0.014347
 0.016251
 0.016231
 0.019906
 0.015754
 0.015851
 0.014022
 0.019169
 0.017719
 0.019804
 0.021836
 0.020959
 0.013925
 0.017248
 0.021488
 0.013462
 0.014655
 0.014822
 0.013331
 0.018607
 0.015242
 0.013170
 0.013914
 0.013988
 0.015595
 0.012329
 0.014448
 0.013589
 0.018040
 0.015745
 0.014831
 0.015336
 0.012391
 0.016229
 0.017508
 0.010676
 0.019795
 0.014069
 0.013807
 0.014973
 0.014267
 0.015038
 0.014712
 0.014824
 0.018299
 0.014209
 0.015615
 0.015451
 0.016838
 0.018338
 0.014761
 0.018375
 0.016478
 0.013348
 0.019022
 0.018246
 0.019550
 0.019824
 0.019436
 0.019696
 0.018985
 0.016779
 0.014500
 0.017142
 0.017922
 0.018267
 0.013370
 0.019037
 0.018222
 0.014309
 0.016256
 0.016591
 0.018010
 0.018998
 0.012794
 0.016707
 0.016097
 0.018224
 0.017695
 0.014347
 0.018915
 0.017036
 0.015728
 0.016539
 0.018690
 0.015035
 0.017739
 0.018240
 0.018385
 0.015352
 0.015894
 0.013584
 0.015065
 0.014345
 0.019291
 0.014508
 0.016768
 0.015896
 0.013938
 0.015842
 0.018270
 0.016066
 0.014754
 0.018880
 0.017881
 0.017233
 0.017306
 0.018360
 0.016110
 0.016232
 0.014555
 0.016490
 0.014843
 0.017934
 0.020185
 0.019483
 0.018731
 0.019815
 0.017903
 0.018579
 0.015953
 0.014062
 0.018948
 0.012784
 0.015474
 0.017654
 0.015025
 0.014809
 0.015412
 0.019031
 0.014115
 0.015032
 0.014954
 0.017733
 0.014133
 0.014874
 0.016087
 0.012951
 0.018648
 0.012240
 0.018931
 0.015751
 0.020338
 0.015869
 0.018008
 0.017831
 0.015918
 0.014091
 0.014274
 0.020275
 0.018090
 0.014207
 0.017934
 0.017341
 0.014333
 0.010280
 0.021062
 0.016631
 0.014428
 0.020133
 0.017223
 0.019311
 0.019132
 0.019487
 0.016563
 0.019843
 0.020106
 0.016166
 0.013430
 0.015684
 0.021359
 0.019022
 0.015662
 0.016497
 0.019865
 0.017237
 0.016004
 0.016098
 0.019695
 0.017148
 0.016204
 0.019446
 0.016723
 0.019020
 0.016243
 0.014434
 0.015392
 0.021597
 0.017490
 0.019912
 0.015817
 0.016324
 0.014740
 0.014720
 0.018499
 0.020393
 0.018737
 0.013858
 0.019661
 0.013779
 0.017916
 0.015617
 0.014624
 0.015315
 0.015124
 0.017926
 0.017127
 0.016562
 0.015138
 0.014884
 0.015456
 0.019507
 0.017411
 0.014896
 0.021938
 0.020342
 0.021226
 0.017128
 0.020124
 0.020995
 0.021880
 0.016770
 0.019538
 0.021351
 0.019310
 0.015292
 0.016369
 0.014767
 0.020942
 0.018001
 0.020261
 0.015885
 0.017135
 0.019043
 0.014301
 0.016311
 0.016602
 0.020471
 0.018017
 0.015936
 0.017442
 0.015069
 0.018847
 0.018808
 0.019613
 0.020337
 0.019865
 0.016286
 0.019195
 0.019554
 0.014971
 0.017903
 0.020362
 0.019529
 0.014694
 0.019995
 0.014497
 0.012271
 0.014535
 0.013491
 0.014921
 0.017467
 0.013125
 0.014415
 0.016123
 0.014945
 0.018167
 0.014405
 0.018350
 0.016011
 0.017318
 0.019308
 0.015535
 0.016943
 0.012020
 0.015722
 0.015464
 0.015827
 0.013194
 0.014583
 0.018602
 0.020761
 0.018650
 0.015234
 0.018736
 0.019431
 0.018343
 0.016372
 0.017674
 0.013773
 0.015360
 0.013507
 0.014385
 0.013376
 0.014096
 0.016732
 0.015550
 0.020550
 0.026402
 0.016082
 0.018498
 0.018879
 0.016813
 0.019939
 0.019218
 0.014057
 0.015816
 0.018183
 0.016264
 0.019073
 0.019664
 0.019079
 0.014946
 0.015812
 0.016275
 0.014042
 0.019367
 0.017498
 0.015640
 0.013023
 0.013171
 0.016253
 0.019587
 0.013594
 0.014517
 0.017099
 0.020162
 0.014203
 0.018026
 0.019022
 0.018278
 0.018181
 0.019408
 0.015144
 0.014713
 0.013918
 0.016888
 0.015405
 0.014966
 0.017575
 0.012767
 0.014977
 0.014881
 0.020747
 0.020051
 0.018005
 0.015495
 0.015373
 0.017042
 0.012662
 0.019215
 0.017246
 0.015796
 0.012023
 0.019574
 0.019708
 0.019001
 0.016726
 0.020731
 0.016437
 0.017580
 0.021935
 0.014744
 0.018207
 0.020845
 0.016543
 0.017542
 0.019329
 0.013378
 0.013234
 0.017855
 0.019524
 0.019923
 0.018980
 0.015712
 0.020244
 0.021484
 0.015503
 0.014363
 0.015733
 0.015203
 0.017187
 0.020756
 0.021974
 0.019730
 0.017196
 0.020169
 0.021174
 0.017816
 0.015591
 0.017395
 0.018995
 0.016931
 0.016934
 0.016944
 0.015932
 0.018265
 0.014174
 0.019111
 0.019891
 0.018041
 0.015118
 0.017305
 0.021438
 0.019257
 0.015523
 0.017449
 0.020458
 0.019125
 0.017043
 0.019128
 0.016307
 0.021613
 0.018309
 0.014393
 0.018784
 0.020566
 0.014682
 0.015142
 0.018081
 0.013763
 0.012875
 0.018904
 0.013851
 0.013142
 0.017284
 0.019094
 0.016677
 0.019049
 0.014423
 0.018492
 0.018088
 0.011948
 0.014713
 0.016332
 0.014781
 0.012459
 0.013087
 0.013650
 0.015402
 0.018512
 0.017422
 0.017499
 0.015826
 0.016227
 0.016535
 0.020180
 0.019062
 0.018485
 0.019387
 0.020138
 0.017589
 0.016334
 0.019015
 0.016152
 0.019756
 0.015770
 0.017301
 0.019242
 0.016589
 0.017432
 0.018028
 0.018754
 0.020005
 0.018011
 0.017604
 0.019899
 0.018327
 0.020411
 0.016135
 0.016240
 0.016309
 0.013626
 0.014137
 0.021408
 0.017989
 0.019058
 0.017046
 0.018956
 0.016667
 0.015710
 0.016654
 0.013509
 0.018862
 0.020794
 0.014017
 0.013203
 0.019878
 0.018783
 0.016784
 0.020412
 0.018257
 0.016738
 0.018932
 0.014245
 0.021272
 0.014943
 0.014571
 0.020602
 0.015838
 0.016249
 0.018779
 0.013425
 0.015534
 0.017684
 0.017284
 0.020221
 0.017388
 0.015210
 0.020090
 0.015562
 0.015476
 0.018164
 0.018775
 0.017892
 0.015331
 0.016931
 0.016408
 0.016591
 0.016336
 0.013989
 0.015518
 0.018981
 0.020417
 0.019186
 0.015460
 0.012952
 0.021268
 0.020938
 0.019503
 0.015713
 0.018585
 0.015385
 0.017296
 0.014233
 0.019132
 0.015916
 0.019856
 0.012918
 0.014645
 0.023168
 0.019253
 0.014326
 0.014426
 0.014852
 0.016866
 0.014531
 0.012348
 0.016808
 0.014100
 0.015860
 0.016178
 0.015848
 0.015911
 0.015716
 0.015818
 0.016316
 0.017826
 0.016262
 0.016341
 0.017810
 0.020162
 0.016037
 0.021596
 0.012718
 0.016065
 0.020259
 0.017415
 0.015511
 0.021155
 0.015543
 0.015975
 0.017869
 0.015805
 0.014396
 0.017322
 0.015286
 0.017087
 0.013834
 0.013805
 0.014910
 0.014183
 0.019344
 0.019749
 0.019395
 0.015432
 0.013185
 0.013413
 0.015488
 0.015850
 0.014563
 0.014607
 0.016254
 0.015234
 0.017201
 0.017157
 0.015422
 0.018923
 0.013711
 0.013704
 0.015692
 0.013990
 0.014111
 0.015009
 0.018339
 0.016373
 0.015006
 0.014059
 0.019767
 0.015784
 0.015786
 0.017565
 0.015765
 0.015589
 0.018407
 0.012874
 0.015749
 0.020077
 0.015537
 0.018732
 0.016824
 0.016657
 0.018788
 0.017267
 0.017490
 0.017196
 0.016103
 0.018190
 0.016297
 0.017411
 0.020169
 0.020533
 0.015082
 0.014799
 0.020196
 0.014129
 0.016188
 0.015071
 0.014575
 0.014431
 0.016407
 0.014495
 0.019050
 0.016360
 0.015221
 0.014742
 0.014903
 0.018443
 0.015401
 0.015624
 0.015234
 0.016090
 0.016327
 0.015164
 0.019911
 0.019489
 0.015686
 0.019738
 0.020053
 0.014780
 0.016202
 0.019087
 0.018365
 0.015771
 0.016537
 0.014571
 0.018915
 0.014780
 0.013774
 0.015267
 0.019450
 0.017683
 0.014992
 0.014727
 0.015542
 0.017185
 0.015773
 0.017063
 0.020838
 0.017027
 0.015037
 0.015769
 0.014888
 0.015508
 0.015599
 0.019720
 0.022736
 0.019630
 0.017121
 0.020546
 0.020242
 0.016575
 0.020204
 0.019675
 0.019381
 0.019956
 0.013104
 0.021502
 0.016063
 0.016121
 0.021429
 0.014501
 0.015944
 0.018418
 0.018359
 0.018463
 0.021824
 0.015020
 0.020859
 0.019290
 0.018498
 0.013248
 0.015918
 0.017929
 0.019142
 0.012346
 0.017379
 0.018681
 0.019056
 0.020861
 0.019666
 0.020587
 0.018055
 0.016309
 0.016133
 0.018911
 0.020036
 0.020819
 0.019804
 0.018151
 0.018665
 0.014310
 0.020030
 0.019000
 0.014206
 0.019765
 0.016604
 0.017564
 0.017546
 0.013353
 0.018434
 0.016153
 0.017901
 0.011709
 0.016228
 0.020326
 0.019220
 0.018683
 0.014756
 0.016487
 0.013555
 0.016139
 0.018097
 0.017028
 0.018120
 0.013906
 0.012840
 0.013204
 0.017336
 0.016136
 0.009672
 0.018146
 0.017280
 0.013765
 0.013852
 0.017041
 0.014109
 0.017792
 0.014713
 0.018542
 0.015380
 0.019574
 0.013521
 0.018157
 0.016975
 0.013897
 0.018204
 0.019051
 0.018545
 0.018330
 0.020205
 0.018810
 0.014153
 0.024235
 0.018306
 0.015454
 0.020010
 0.020420
 0.018576
 0.014489
 0.020581
 0.013649
 0.015142
 0.014993
 0.014984
 0.015188
 0.014311
 0.016485
 0.018611
 0.019015
 0.020860
 0.019402
 0.020522
 0.016179
 0.019086
 0.020819
 0.016598
 0.016689
 0.020266
 0.016519
 0.016968
 0.015038
 0.017770
 0.012655
 0.012814
 0.012914
 0.015916
 0.018743
 0.021151
 0.020164
 0.016197
 0.018140
 0.016013
 0.014096
 0.017030
 0.019567
 0.020993
 0.019790
 0.021671
 0.019784
 0.015148
 0.016970
 0.019298
 0.016602
 0.018423
 0.016001
 0.015289
 0.021816
 0.019406
 0.020504
 0.018914
 0.016534
 0.019562
 0.016611
 0.016852
 0.018950
 0.017255
 0.016082
 0.019688
 0.018752
 0.016373
 0.019878
 0.015198
 0.014533
 0.019549
 0.020480
 0.018915
 0.023365
 0.017821
 0.016083
 0.014512
 0.021071
 0.021207
 0.018357
 0.020347
 0.015420
 0.019470
 0.020024
 0.020161
 0.017439
 0.019386
 0.018378
 0.018865
 0.014194
 0.019256
 0.022953
 0.015139
 0.021397
 0.020112
 0.019869
 0.014454
 0.019405
 0.015110
 0.017396
 0.015644
 0.020809
 0.015315
 0.019639
 0.019606
 0.016298
 0.017983
 0.021655
 0.020971
 0.018079
 0.022347
 0.021261
 0.014903
 0.020302
 0.015261
 0.022689
 0.016658
 0.020310
 0.017712
 0.019304
 0.017592
 0.018396
 0.016716
 0.018288
 0.015938
 0.016842
 0.021235
 0.019473
 0.017037
 0.018518
 0.021379
 0.016308
 0.019762
 0.020155
 0.020935
 0.020457
 0.020022
 0.019905
 0.014573
 0.016523
 0.012594
 0.013799
 0.018780
 0.014778
 0.016062
 0.016349
 0.015942
 0.013268
 0.017448
 0.016247
 0.013205
 0.018726
 0.013267
 0.013842
 0.015794
 0.018623
 0.015783
 0.014410
 0.014673
 0.016021
 0.018147
 0.016361
 0.013952
 0.012508
 0.015491
 0.016863
 0.014915
 0.018154
 0.019558
 0.016006
 0.017411
 0.015016
 0.015832
 0.012166
 0.018501
 0.015084
 0.017128
 0.017966
 0.020109
 0.019426
 0.017897
 0.014039
 0.017744
 0.013191
 0.015924
 0.017626
 0.013493
 0.015424
 0.015831
 0.017178
 0.017588
 0.013073
 0.018981
 0.014999
 0.012610
 0.013395
 0.014564
 0.019420
 0.020488
 0.018334
 0.018462
 0.019630
 0.017336
 0.014674
 0.020989
 0.018815
 0.018069
 0.015229
 0.019798
 0.014805
 0.020263
 0.018281
 0.019033
 0.019033
 0.020527
 0.017937
 0.013059
 0.018988
 0.018371
 0.014038
 0.019118
 0.015487
 0.017120
 0.014420
 0.019435
 0.019012
 0.016290
 0.013517
 0.015181
 0.023061
 0.019911
 0.014485
 0.014368
 0.019292
 0.019411
 0.018593
 0.016655
 0.013811
 0.018776
 0.014657
 0.013201
 0.019349
 0.014339
 0.017268
 0.014486
 0.020188
 0.016197
 0.014828
 0.015344
 0.019012
 0.018887
 0.017553
 0.016449
 0.019370
 0.016720
 0.016144
 0.018501
 0.017511
 0.014263
 0.012729
 0.018773
 0.013463
 0.019099
 0.016372
 0.020384
 0.014202
 0.016627
 0.020388
 0.015438
 0.019348
 0.020528
 0.020015
 0.021662
 0.015281
 0.019965
 0.018322
 0.014963
 0.015908
 0.021338
 0.014998
 0.016398
 0.019485
 0.017476
 0.016335
 0.016432
 0.020084
 0.015304
 0.017819
 0.017898
 0.014728
 0.013264
 0.015917
 0.013524
 0.015512
 0.014366
 0.015246
 0.020603
 0.019704
 0.020218
 0.017785
 0.016759
 0.020497
 0.019240
 0.019257
 0.020083
 0.016179
 0.015199
 0.015946
 0.016684
 0.015809
 0.019973
 0.016669
 0.016552
 0.018463
 0.020192
 0.018099
 0.014542
 0.014670
 0.016978
 0.016116
 0.013837
 0.019156
 0.016415
 0.013737
 0.019380
 0.014937
 0.017872
 0.012822
 0.014911
 0.013929
 0.015348
 0.014891
 0.018963
 0.013633
 0.015944
 0.018944
 0.013875
 0.015812
 0.013496
 0.013920
 0.017322
 0.017498
 0.016161
 0.013024
 0.017248
 0.020649
 0.019195
 0.019214
 0.017705
 0.016121
 0.014113
 0.013574
 0.015286
 0.016771
 0.013691
 0.014507
 0.015022
 0.016392
 0.016284
 0.018515
 0.019330
 0.012845
 0.014488
 0.014544
 0.013643
 0.016139
 0.018261
 0.018798
 0.018358
 0.015991
 0.014480
 0.016198
 0.016296
 0.012662
 0.017061
 0.015880
 0.019829
 0.021276
 0.016810
 0.016968
 0.014548
 0.017781
 0.015694
 0.019175
 0.015290
 0.016481
 0.016913
 0.014495
 0.014771
 0.014877
 0.015099
 0.015575
 0.019139
 0.014320
 0.013215
 0.019357
 0.019478
 0.019039
 0.015618
 0.019932
 0.017264
 0.014676
 0.018138
 0.021307
 0.018757
 0.015843
 0.020823
 0.015281
 0.019429
 0.015259
 0.015844
 0.015058
 0.014639
 0.018341
 0.017863
 0.015278
 0.019413
 0.013397
 0.015228
 0.015744
 0.014317
 0.015932
 0.014467
 0.013295
 0.019092
 0.014658
 0.015133
 0.015295
 0.015306
 0.011936
 0.017306
 0.012478
 0.014056
 0.011768
 0.015348
 0.016512
 0.017588
 0.018239
 0.013259
 0.013318
 0.016491
 0.016481
 0.017283
 0.014158
 0.017081
 0.011968
 0.018531
 0.017781
 0.014994
 0.019977
 0.014483
 0.014531
 0.017785
 0.018188
 0.016563
 0.013474
 0.015064
 0.015536
 0.014590
 0.015185
 0.015345
 0.019217
 0.020414
 0.015971
 0.013616
 0.018390
 0.017495
 0.014235
 0.013409
 0.016021
 0.017086
 0.012649
 0.013349
 0.018658
 0.012235
 0.016749
 0.013300
 0.016171
 0.013500
 0.016397
 0.015419
 0.014495
 0.014236
 0.015821
 0.011712
 0.022976
 0.017608
 0.016508
 0.016398
 0.019480
 0.022058
 0.017184
 0.016519
 0.015177
 0.020156
 0.015959
 0.018968
 0.017433
 0.017164
 0.017089
 0.018301
 0.017027
 0.019594
 0.015893
 0.021720
 0.018080
 0.015301
 0.022481
 0.015061
 0.021062
 0.018559
 0.017381
 0.017632
 0.017250
 0.017752
 0.016669
 0.015198
 0.016411
 0.015982
 0.018089
 0.016635
 0.020468
 0.016618
 0.018173
 0.017988
 0.017366
 0.012460
 0.016836
 0.017932
 0.014225
 0.017092
 0.016333
 0.019601
 0.018091
 0.014542
 0.019697
 0.016069
 0.013519
 0.015632
 0.014348
 0.016865
 0.019213
 0.014860
 0.016343
 0.017673
 0.016273
 0.019255
 0.013228
 0.017028
 0.013175
 0.014960
 0.013934
 0.015467
 0.016732
 0.013951
 0.013121
 0.016604
 0.018475
 0.012899
 0.015379
 0.012389
 0.016138
 0.017241
 0.017348
 0.014365
 0.014795
 0.014215
 0.014181
 0.015373
 0.016413
 0.012789
 0.013856
 0.015131
 0.013555
 0.014619
 0.015015
 0.015238
 0.017820
 0.016165
 0.017762
 0.014645
 0.015261
 0.016845
 0.016942
 0.015234
 0.016357
 0.014624
 0.013174
 0.015744
 0.020013
 0.013821
 0.019603
 0.018323
 0.012886
 0.015951
 0.014805
 0.018285
 0.014986
 0.017704
 0.015179
 0.014162
 0.016204
 0.018306
 0.013155
 0.016082
 0.018384
 0.013406
 0.014212
 0.014992
 0.017498
 0.018632
 0.017877
 0.015483
 0.011295
 0.011580
 0.013864
 0.011992
 0.014384
 0.019841
 0.015853
 0.016272
 0.018127
 0.018622
 0.018954
 0.014613
 0.016200
 0.014214
 0.014622
 0.018875
 0.016576
 0.018240
 0.015162
 0.018989
 0.014786
 0.015504
 0.016046
 0.019358
 0.017743
 0.021295
 0.019663
 0.014811
 0.015936
 0.015661
 0.014376
 0.014970
 0.018917
 0.014382
 0.017864
 0.019072
 0.018793
 0.013808
 0.015666
 0.015197
 0.021971
 0.019180
 0.020017
 0.019194
 0.019362
 0.020211
 0.015445
 0.019154
 0.017894
 0.019653
 0.014515
 0.020058
 0.019637
 0.015589
 0.015661
 0.016745
 0.020043
 0.016217
 0.013471
 0.015522
 0.017746
 0.015246
 0.019564
 0.015452
 0.018990
 0.018810
 0.015100
 0.013560
 0.019039
 0.018267
 0.014461
 0.013661
 0.014434
 0.014552
 0.017096
 0.013025
 0.016677
 0.018215
 0.018295
 0.015183
 0.018740
 0.013895
 0.014911
 0.020317
 0.015364
 0.013983
 0.015245
 0.014142
 0.022208
 0.019216
 0.019687
 0.018540
 0.019431
 0.020493
 0.015468
 0.019383
 0.017729
 0.017093
 0.020401
 0.017828
 0.021629
 0.021150
 0.016037
 0.019107
 0.019154
 0.019157
 0.020352
 0.017233
 0.019550
 0.015016
 0.017002
 0.020915
 0.017628
 0.019352
 0.020037
 0.019008
 0.016254
 0.015268
 0.017558
 0.017655
 0.015257
 0.014293
 0.012407
 0.013951
 0.018443
 0.018533
 0.014147
 0.011629
 0.016883
 0.017454
 0.016422
 0.015780
 0.014652
 0.017184
 0.014131
 0.018637
 0.017459
 0.016045
 0.014849
 0.015142
 0.021485
 0.014635
 0.022478
 0.014790
 0.017528
 0.018579
 0.014912
 0.020285
 0.015065
 0.019782
 0.015931
 0.021126
 0.018738
 0.019011
 0.015045
 0.015338
 0.016167
 0.018018
 0.019712
 0.016375
 0.018683
 0.015984
 0.016550
 0.019500
 0.018838
 0.018399
 0.014315
 0.011668
 0.014455
 0.012499
 0.018021
 0.019110
 0.015561
 0.019334
 0.014692
 0.015108
 0.012904
 0.016023
 0.016427
 0.016935
 0.014050
 0.013847
 0.017487
 0.016024
 0.014354
 0.019174
 0.015115
 0.016568
 0.015799
 0.013112
 0.012253
 0.019105
 0.013692
 0.012814
 0.015076
 0.012908
 0.017802
 0.018230
 0.017907
 0.018858
 0.015126
 0.015543
 0.015109
 0.012547
 0.017524
 0.012933
 0.014097
 0.013049
 0.018116
 0.018525
 0.014467
 0.017350
 0.013928
 0.012300
 0.011817
 0.015757
 0.016108
 0.010645
 0.014753
 0.012705
 0.011928
 0.014958
 0.014820
 0.011395
 0.016729
 0.010207
 0.015417
 0.013786
 0.010767
 0.015989
 0.014837
 0.010970
 0.014951
 0.011982
 0.012349
 0.019937
 0.012936
 0.013060
 0.016565
 0.016878
 0.013857
 0.015688
 0.019451
 0.017022
 0.014088
 0.013744
 0.014546
 0.014381
 0.015329
 0.020315
 0.013839
 0.016066
 0.012283
 0.008182
 0.015392
 0.016759
 0.012837
 0.014655
 0.015832
 0.013229
 0.014635
 0.019323
 0.010455
 0.020833
 0.014429
 0.012307
 0.015718
 0.017203
 0.013309
 0.014251
 0.017318
 0.016395
 0.013610
 0.012640
 0.012286
 0.018354
 0.015140
 0.013223
 0.020858
 0.012140
 0.013180
 0.018250
 0.012997
 0.014323
 0.010941
 0.015859
 0.014984
 0.014278
 0.015378
 0.014982
 0.013449
 0.010654
 0.013252
 0.015971
 0.010441
 0.012054
 0.007867
 0.010305
 0.009264
 0.019810
 0.016904
 0.014562
 0.017685
 0.018499
 0.015209
 0.018592
 0.018402
 0.013090
 0.017798
 0.018241
 0.019951
 0.013652
 0.014371
 0.018695
 0.019656
 0.014764
 0.016101
 0.013443
 0.015256
 0.013434
 0.015069
 0.014313
 0.019014
 0.018688
 0.015774
 0.015986
 0.014931
 0.017820
 0.017996
 0.016222
 0.015634
 0.014106
 0.015670
 0.014171
 0.014082
 0.018992
 0.013912
 0.015820
 0.014148
 0.020503
 0.018346
 0.015687
 0.015903
 0.015032
 0.012914
 0.015902
 0.013577
 0.016475
 0.012734
 0.017247
 0.015479
 0.014082
 0.018725
 0.012851
 0.016225
 0.017285
 0.013829
 0.014556
 0.014742
 0.014771
 0.013572
 0.014717
 0.018282
 0.018698
 0.019736
 0.013588
 0.018277
 0.017221
 0.016183
 0.020591
 0.019243
 0.014000
 0.019810
 0.020168
 0.015052
 0.020209
 0.017962
 0.015642
 0.016583
 0.013942
 0.015132
 0.014402
 0.020515
 0.015185
 0.014077
 0.015141
 0.020174
 0.015882
 0.013909
 0.012795
 0.015693
 0.014134
 0.018339
 0.018740
 0.016175
 0.019421
 0.020967
 0.019102
 0.016207
 0.016673
 0.019431
 0.014767
 0.014845
 0.016268
 0.015559
 0.016951
 0.015691
 0.016761
 0.014430
 0.020261
 0.015410
 0.014840
 0.016743
 0.019196
 0.015358
 0.015512
 0.015626
 0.017483
 0.016134
 0.017678
 0.020072
 0.020226
 0.014429
 0.015282
 0.016578
 0.019746
 0.014304
 0.016055
 0.017104
 0.016958
 0.018010
 0.021850
 0.018146
 0.018218
 0.018118
 0.020189
 0.015695
 0.019224
 0.022192
 0.022146
 0.019870
 0.018748
 0.021004
 0.022178
 0.019797
 0.018691
 0.016714
 0.017292
 0.017308
 0.013718
 0.016298
 0.020214
 0.019579
 0.020682
 0.015488
 0.020432
 0.019148
 0.015493
 0.019398
 0.017701
 0.015750
 0.019099
 0.014974
 0.019731
 0.016407
 0.012910
 0.014922
 0.016151
 0.016112
 0.017559
 0.018540
 0.012916
 0.016801
 0.017716
 0.013313
 0.012537
 0.016505
 0.017215
 0.016730
 0.014532
 0.011939
 0.016155
 0.025853
 0.017799
 0.013090
 0.013677
 0.012042
 0.017842
 0.016919
 0.030068
 0.016607
 0.018188
 0.014060
 0.015732
 0.017549
 0.017234
 0.017056
 0.013157
 0.012648
 0.019086
 0.014763
 0.013225
 0.022142
 0.017019
 0.012714
 0.018814
 0.011624
 0.012063
 0.014425
 0.010916
 0.014758
 0.016977
 0.017317
 0.012671
 0.010165
 0.019986
 0.012726
 0.012285
 0.013161
 0.012612
 0.015197
 0.013673
 0.015114
 0.019955
 0.016197
 0.016879
 0.015476
 0.018986
 0.014176
 0.021209
 0.017633
 0.018135
 0.017672
 0.020016
 0.014431
 0.012261
 0.014337
 0.015609
 0.020987
 0.019483
 0.014345
 0.017574
 0.013218
 0.013299
 0.020187
 0.014997
 0.016391
 0.013889
 0.018802
 0.013519
 0.015860
 0.018911
 0.015470
 0.015518
 0.018314
 0.011124
 0.010895
 0.011635
 0.014246
 0.017988
 0.016467
 0.016858
 0.018203
 0.010788
 0.011268
 0.017207
 0.009918
 0.015790
 0.016431
 0.010353
 0.015852
 0.013069
 0.011052
 0.012173
 0.012309
 0.014738
 0.016913
 0.016608
 0.012478
 0.017664
 0.013304
 0.013149
 0.015603
 0.016021
 0.012851
 0.012612
 0.015178
 0.015574
 0.010499
 0.010644
 0.012615
 0.013935
 0.014884
 0.014240
 0.017266
 0.014827
 0.013328
 0.011580
 0.011254
 0.016767
 0.010406
 0.008743
 0.043981
 0.004411
 0.009057
 0.009752
 0.012285
 0.010037
 0.011067
 0.067510
 0.016910
 0.007946
 0.011403
 0.015249
 0.010810
 0.010062
 0.014639
 0.011373
 0.013269
 0.012115
 0.011192
 0.014543
 0.020421
 0.011602
 0.014466
 0.025116
 0.015654
 0.010540
 0.017817
 0.012476
 0.015137
 0.015145
 0.016513
 0.014240
 0.018527
 0.016259
 0.019928
 0.034441
 0.014766
 0.014723
 0.016372
 0.011884
 0.015185
 0.013869
 0.016375
 0.009907
 0.018644
 0.010635
 0.016647
 0.009484
 0.014525
 0.015831
 0.027582
 0.019991
 0.015001
 0.016032
 0.011563
 0.015676
 0.014950
 0.016256
 0.010497
 0.014262
 0.015611
 0.015093
 0.014265
 0.014391
 0.015337
 0.015187
 0.016450
 0.015507
 0.015969
 0.018087
 0.017510
 0.011381
 0.017189
 0.014968
 0.015889
 0.014533
 0.012916
 0.012098
 0.015770
 0.015218
 0.019086
 0.008749
 0.016821
 0.016139
 0.015339
 0.012142
 0.015900
 0.016341
 0.015351
 0.015511
 0.016334
 0.017837
 0.015326
 0.011670
 0.013861
 0.017531
 0.014730
 0.024349
 0.011889
 0.017226
 0.014301
 0.011525
 0.010775
 0.010178
 0.015773
 0.012625
 0.009799
 0.014799
 0.013970
 0.010326
 0.016001
 0.014982
 0.010270
 0.015545
 0.015762
 0.011246
 0.013890
 0.015602
 0.008108
 0.015288
 0.011639
 0.010989
 0.009987
 0.013533
 0.009765
 0.013389
 0.018173
 0.074439
 0.006736
 0.015455
 0.011213
 0.009612
 0.017469
 0.010748
 0.011256
 0.013238
 0.014777
 0.017290
 0.011818
 0.010557
 0.008962
 0.011484
 0.010374
 0.012103
 0.019528
 0.010751
 0.010585
 0.013533
 0.014471
 0.013555
 0.017181
 0.015843
 0.009763
 0.015856
 0.014275
 0.013628
 0.012233
 0.016775
 0.014747
 0.019240
 0.014798
 0.016754
 0.012787
 0.011974
 0.011799
 0.009911
 0.008715
 0.012721
 0.007263
 0.011492
 0.012806
 0.012037
 0.009589
 0.009035
 0.008212
 0.008317
 0.010794
 0.011948
 0.009209
 0.012095
 0.008503
 0.012872
 0.014405
 0.009897
 0.010774
 0.009819
 0.011110
 0.023792
 0.010784
 0.014814
 0.014614
 0.015713
 0.013830
 0.014690
 0.012978
 0.010652
 0.015785
 0.008145
 0.011596
 0.011073
 0.011849
 0.011461
 0.012203
 0.012395
 0.014334
 0.013209
 0.009629
 0.014908
 0.012102
 0.015121
 0.007724
 0.010462
 0.010827
 0.008549
 0.015403
 0.009941
 0.023201
 0.011475
 0.015730
 0.011235
 0.016053
 0.011050
 0.009773
 0.009565
 0.009895
 0.011932
 0.008141
 0.011102
 0.014626
 0.013674
 0.012197
 0.011392
 0.022017
 0.011360
 0.013313
 0.010619
 0.014294
 0.010166
 0.010178
 0.016630
 0.010364
 0.010187
 0.009802
 0.017170
 0.009043
 0.010687
 0.010356
 0.067016
 0.006508
 0.015318
 0.014941
 0.011036
 0.011633
 0.011044
 0.011394
 0.016260
 0.012698
 0.012032
 0.011005
 0.010486
 0.013930
 0.010944
 0.010862
 0.008085
 0.012670
3017 frames decoded in toal.
