Configure resampler: libSwResample
 0.034991
 0.021975
 0.034584
 0.024907
 0.023253
 0.026612
 0.021987
 0.022491
 0.024799
 0.021459
 0.018708
 0.011845
 0.019995
 0.017922
 0.017323
 0.019679
 0.013072
 0.018600
 0.015878
 0.018597
 0.018577
 0.017350
 0.021314
 0.019013
 0.018154
 0.019950
 0.014964
 0.016849
 0.015753
 0.016637
 0.018367
 0.016862
 0.016249
 0.016209
 0.028397
 0.018933
 0.009917
 0.015687
 0.017850
 0.014723
 0.011351
 0.022820
 0.012401
 0.015569
 0.018679
 0.015363
 0.015662
 0.014755
 0.012427
 0.013970
 0.018013
 0.011256
 0.015350
 0.018436
 0.012632
 0.011613
 0.019008
 0.012886
 0.016706
 0.026952
 0.012672
 0.016069
 0.012546
 0.014845
 0.013007
 0.013556
 0.014828
 0.014525
 0.017629
 0.014612
 0.011445
 0.017415
 0.013882
 0.011434
 0.022072
 0.015210
 0.017148
 0.013923
 0.011980
 0.012225
 0.017997
 0.015943
 0.016504
 0.017603
 0.011265
 0.015828
 0.016807
 0.011275
 0.012453
 0.018023
 0.016149
 0.015209
 0.019792
 0.010096
 0.012117
 0.012451
 0.015099
 0.010902
 0.013444
 0.011678
 0.015258
 0.014533
 0.014586
 0.015159
 0.014411
 0.010097
 0.010168
 0.012393
 0.015046
 0.010101
 0.011131
 0.013203
 0.015885
 0.014204
 0.011349
 0.011744
 0.012549
 0.009207
 0.011305
 0.029506
 0.017728
 0.015267
 0.015420
 0.016549
 0.012102
 0.019965
 0.017469
 0.013808
 0.012233
 0.011045
 0.015087
 0.014473
 0.016048
 0.016908
 0.017532
 0.013392
 0.014340
 0.018015
 0.015389
 0.015451
 0.017357
 0.015979
 0.011309
 0.013288
 0.010454
 0.014487
 0.016420
 0.014126
 0.011855
 0.017803
 0.011648
 0.016072
 0.018144
 0.015954
 0.011714
 0.020959
 0.015061
 0.016063
 0.013867
 0.010924
 0.011057
 0.014381
 0.021063
 0.011093
 0.012384
 0.014576
 0.010774
 0.011368
 0.015696
 0.016188
 0.015915
 0.015139
 0.012860
 0.011937
 0.016058
 0.015906
 0.010408
 0.018231
 0.016056
 0.011111
 0.015059
 0.011476
 0.015763
 0.018923
 0.012851
 0.015342
 0.014384
 0.011081
 0.014330
 0.011790
 0.016433
 0.010970
 0.015941
 0.015438
 0.016021
 0.014767
 0.013871
 0.016264
 0.012858
 0.016748
 0.011634
 0.016062
 0.012847
 0.016299
 0.015230
 0.017149
 0.013298
 0.019596
 0.015974
 0.017285
 0.017938
 0.019140
 0.013566
 0.022021
 0.011632
 0.012009
 0.019230
 0.015022
 0.017801
 0.015820
 0.016613
 0.011813
 0.016120
 0.014218
 0.013995
 0.014768
 0.013223
 0.016824
 0.019786
 0.016685
 0.012977
 0.015397
 0.014126
 0.011902
 0.017737
 0.013352
 0.011638
 0.013097
 0.013745
 0.019953
 0.012736
 0.012478
 0.013056
 0.015917
 0.014983
 0.016670
 0.016784
 0.015782
 0.012520
 0.015557
 0.013742
 0.017337
 0.017761
 0.016414
 0.017375
 0.015216
 0.017715
 0.016797
 0.015460
 0.016131
 0.016864
 0.016526
 0.012375
 0.016791
 0.017899
 0.013738
 0.012266
 0.017566
 0.011847
 0.012806
 0.014562
 0.011841
 0.011258
 0.012332
 0.012598
 0.015827
 0.012318
 0.020082
 0.013394
 0.015978
 0.015116
 0.014137
 0.016058
 0.013220
 0.016053
 0.014611
 0.014639
 0.018642
 0.016194
 0.013488
 0.014114
 0.017086
 0.013260
 0.014010
 0.018370
 0.012619
 0.015208
 0.017457
 0.013688
 0.018550
 0.014569
 0.014634
 0.015943
 0.017223
 0.013563
 0.015686
 0.012051
 0.017205
 0.015876
 0.013370
 0.018465
 0.016254
 0.013683
 0.017913
 0.017776
 0.017355
 0.013263
 0.019243
 0.015077
 0.017444
 0.017141
 0.013037
 0.013414
 0.020649
 0.013240
 0.016802
 0.015012
 0.012366
 0.016663
 0.014983
 0.012545
 0.011558
 0.015283
 0.012125
 0.012450
 0.015183
 0.013878
 0.013993
 0.018824
 0.012041
 0.017017
 0.017234
 0.012307
 0.012676
 0.016489
 0.015511
 0.014400
 0.012754
 0.012135
 0.012777
 0.015824
 0.017608
 0.011276
 0.012781
 0.017343
 0.014056
 0.011560
 0.015669
 0.016393
 0.022851
 0.014261
 0.013043
 0.012903
 0.015061
 0.017967
 0.017746
 0.021713
 0.014482
 0.014642
 0.019231
 0.018033
 0.014531
 0.024289
 0.013303
 0.013086
 0.019997
 0.023454
 0.016631
 0.019918
 0.023210
 0.014102
 0.019646
 0.017906
 0.013855
 0.014430
 0.013564
 0.014501
 0.018494
 0.017316
 0.017640
 0.014380
 0.014815
 0.015293
 0.016350
 0.013193
 0.014025
 0.010231
 0.015922
 0.017134
 0.017729
 0.011448
 0.016691
 0.019754
 0.017561
 0.012466
 0.017354
 0.018850
 0.015419
 0.015230
 0.016504
 0.017540
 0.018205
 0.014606
 0.017556
 0.016973
 0.015007
 0.013695
 0.020120
 0.012945
 0.017309
 0.014964
 0.017474
 0.017731
 0.014461
 0.018965
 0.017503
 0.017490
 0.017591
 0.015471
 0.015810
 0.012300
 0.017656
 0.016839
 0.013987
 0.011102
 0.013215
 0.015741
 0.017125
 0.016404
 0.012960
 0.013757
 0.018039
 0.017266
 0.012839
 0.013802
 0.017986
 0.013144
 0.014614
 0.014267
 0.016620
 0.012089
 0.018046
 0.013516
 0.014206
 0.014628
 0.012802
 0.013650
 0.012874
 0.016994
 0.012076
 0.016408
 0.013481
 0.012439
 0.018259
 0.013373
 0.013544
 0.017795
 0.012201
 0.020904
 0.014265
 0.016656
 0.011210
 0.011599
 0.011850
 0.015690
 0.015746
 0.016661
 0.015493
 0.009431
 0.017028
 0.016361
 0.014449
 0.014351
 0.013018
 0.014691
 0.011685
 0.015158
 0.018488
 0.014621
 0.015038
 0.014641
 0.014215
 0.017117
 0.016115
 0.019458
 0.019683
 0.014209
 0.013505
 0.018960
 0.013391
 0.017435
 0.017650
 0.016044
 0.015033
 0.018525
 0.012020
 0.013148
 0.015345
 0.014604
 0.013383
 0.017751
 0.014875
 0.013418
 0.019373
 0.016450
 0.014178
 0.014399
 0.013278
 0.018516
 0.022422
 0.017028
 0.016595
 0.017037
 0.014740
 0.018509
 0.017412
 0.012135
 0.013856
 0.016928
 0.017707
 0.014321
 0.013172
 0.013242
 0.016552
 0.016508
 0.015486
 0.016110
 0.019427
 0.014621
 0.016456
 0.016476
 0.016344
 0.012878
 0.016793
 0.016007
 0.012775
 0.017245
 0.015896
 0.016578
 0.016469
 0.016612
 0.010639
 0.013775
 0.011824
 0.012965
 0.013456
 0.017169
 0.012773
 0.014004
 0.017263
 0.014900
 0.014695
 0.014094
 0.018622
 0.017333
 0.015627
 0.013996
 0.014901
 0.017217
 0.015204
 0.013915
 0.015864
 0.012621
 0.014100
 0.013673
 0.013145
 0.012426
 0.020193
 0.012225
 0.015677
 0.017330
 0.011307
 0.016021
 0.018794
 0.012311
 0.014928
 0.012872
 0.012552
 0.016521
 0.018398
 0.013816
 0.013684
 0.015746
 0.016726
 0.017242
 0.017656
 0.012387
 0.013146
 0.014866
 0.019684
 0.018674
 0.017517
 0.019367
 0.015003
 0.013789
 0.012450
 0.017800
 0.014658
 0.018112
 0.013678
 0.015011
 0.015785
 0.014160
 0.013363
 0.014684
 0.012661
 0.015405
 0.020757
 0.012532
 0.017210
 0.017394
 0.015276
 0.014098
 0.012889
 0.015757
 0.012872
 0.021908
 0.016892
 0.017186
 0.018156
 0.018703
 0.017434
 0.017205
 0.012494
 0.018686
 0.017855
 0.014652
 0.017858
 0.019043
 0.018325
 0.017368
 0.018947
 0.014045
 0.018131
 0.018953
 0.017981
 0.018488
 0.017649
 0.017882
 0.017368
 0.017821
 0.017749
 0.018084
 0.016748
 0.010875
 0.017277
 0.016103
 0.016989
 0.016513
 0.017927
 0.018585
 0.016812
 0.018348
 0.016817
 0.017592
 0.017433
 0.018352
 0.017582
 0.021675
 0.017493
 0.016422
 0.018896
 0.013985
 0.017932
 0.017207
 0.012637
 0.016750
 0.016803
 0.016619
 0.017224
 0.013886
 0.016572
 0.016499
 0.015969
 0.010669
 0.016209
 0.016270
 0.020974
 0.018109
 0.011832
 0.011299
 0.023338
 0.017281
 0.016200
 0.018569
 0.011709
 0.015902
 0.017266
 0.017666
 0.015701
 0.015266
 0.016561
 0.015296
 0.016767
 0.017047
 0.017912
 0.012787
 0.017322
 0.017035
 0.017588
 0.017487
 0.014632
 0.016813
 0.016350
 0.018438
 0.014187
 0.012981
 0.019227
 0.018050
 0.021205
 0.015044
 0.013987
 0.019661
 0.015858
 0.019779
 0.019939
 0.018789
 0.018139
 0.018104
 0.016837
 0.018773
 0.019278
 0.019581
 0.015618
 0.018552
 0.016604
 0.012921
 0.019781
 0.016859
 0.019774
 0.021267
 0.018177
 0.014692
 0.019541
 0.014695
 0.021108
 0.013561
 0.015761
 0.020900
 0.018697
 0.019141
 0.019622
 0.016170
 0.020160
 0.023714
 0.020365
 0.019289
 0.014993
 0.018964
 0.014544
 0.018201
 0.015062
 0.016025
 0.018977
 0.020800
 0.018101
 0.018099
 0.020694
 0.018541
 0.014410
 0.016360
 0.012498
 0.013050
 0.018519
 0.018034
 0.013376
 0.018736
 0.017652
 0.013408
 0.018779
 0.018646
 0.017888
 0.016421
 0.018378
 0.014008
 0.015482
 0.012605
 0.016725
 0.014725
 0.014828
 0.013899
 0.013667
 0.018170
 0.018510
 0.013120
 0.017540
 0.017012
 0.015192
 0.013480
 0.012604
 0.017513
 0.017158
 0.011764
 0.015718
 0.017590
 0.014885
 0.013213
 0.018849
 0.018630
 0.016370
 0.019255
 0.018158
 0.018601
 0.015124
 0.014524
 0.014572
 0.015001
 0.018163
 0.013971
 0.016366
 0.016094
 0.016474
 0.017009
 0.014001
 0.018877
 0.017011
 0.014642
 0.016013
 0.013886
 0.013429
 0.017803
 0.012663
 0.014895
 0.017132
 0.016935
 0.015350
 0.013288
 0.013544
 0.014332
 0.025175
 0.015544
 0.016005
 0.013635
 0.014596
 0.014102
 0.016445
 0.014919
 0.018006
 0.018717
 0.014100
 0.017590
 0.013444
 0.015084
 0.013197
 0.019554
 0.015770
 0.018247
 0.018980
 0.014601
 0.019086
 0.017487
 0.022846
 0.016224
 0.017573
 0.015458
 0.013801
 0.014470
 0.018488
 0.018485
 0.017715
 0.018272
 0.015052
 0.016923
 0.018144
 0.017492
 0.013406
 0.017813
 0.016351
 0.015529
 0.014680
 0.014278
 0.014815
 0.018402
 0.017698
 0.015035
 0.013957
 0.013876
 0.014060
 0.017009
 0.015115
 0.014311
 0.013893
 0.015584
 0.019176
 0.014120
 0.016601
 0.019114
 0.015746
 0.018870
 0.016054
 0.017334
 0.019440
 0.013746
 0.012711
 0.012964
 0.013225
 0.016147
 0.013053
 0.013279
 0.015878
 0.015094
 0.013551
 0.014583
 0.018374
 0.019765
 0.016336
 0.014316
 0.015852
 0.017538
 0.015430
 0.014840
 0.016650
 0.017948
 0.014995
 0.014047
 0.018269
 0.014890
 0.019413
 0.017295
 0.017959
 0.017573
 0.017722
 0.015597
 0.015812
 0.019199
 0.014880
 0.014592
 0.015673
 0.016848
 0.018555
 0.019051
 0.017225
 0.014713
 0.015573
 0.019261
 0.014961
 0.016933
 0.016867
 0.019206
 0.021875
 0.015010
 0.014805
 0.013476
 0.019671
 0.017868
 0.017908
 0.016061
 0.017881
 0.019164
 0.022473
 0.016247
 0.016939
 0.014656
 0.015403
 0.015841
 0.015111
 0.017969
 0.016445
 0.014803
 0.019917
 0.016069
 0.019068
 0.015574
 0.016301
 0.018374
 0.015927
 0.016970
 0.014853
 0.015793
 0.016187
 0.015106
 0.015816
 0.020309
 0.016902
 0.013953
 0.016357
 0.015358
 0.018493
 0.019338
 0.015026
 0.016339
 0.016467
 0.012789
 0.015279
 0.019303
 0.015630
 0.016098
 0.018213
 0.016093
 0.018444
 0.014646
 0.017866
 0.014879
 0.014916
 0.015653
 0.015510
 0.017440
 0.015884
 0.014208
 0.015991
 0.013857
 0.012878
 0.013980
 0.018793
 0.018113
 0.017892
 0.015391
 0.017498
 0.018173
 0.018649
 0.016083
 0.017896
 0.016969
 0.014741
 0.018440
 0.013021
 0.016166
 0.016573
 0.013764
 0.017747
 0.012394
 0.013992
 0.018349
 0.019480
 0.016706
 0.015302
 0.013983
 0.016930
 0.014921
 0.014714
 0.019155
 0.013881
 0.016965
 0.015526
 0.016396
 0.018222
 0.013802
 0.014314
 0.012653
 0.017347
 0.013213
 0.016920
 0.014193
 0.014925
 0.015453
 0.016436
 0.017915
 0.015763
 0.018578
 0.017950
 0.019859
 0.019201
 0.015367
 0.021073
 0.013352
 0.022931
 0.013654
 0.014921
 0.018269
 0.013935
 0.015315
 0.014678
 0.015206
 0.022828
 0.014342
 0.018635
 0.014617
 0.013817
 0.017272
 0.022753
 0.013916
 0.012744
 0.019432
 0.019943
 0.014665
 0.019181
 0.015264
 0.015928
 0.018716
 0.014897
 0.014104
 0.015064
 0.013749
 0.018587
 0.018567
 0.013518
 0.015485
 0.013739
 0.018596
 0.017098
 0.017483
 0.014787
 0.013483
 0.013511
 0.013962
 0.012519
 0.011818
 0.018857
 0.015641
 0.013614
 0.018480
 0.016075
 0.015475
 0.015454
 0.017307
 0.016072
 0.014606
 0.015538
 0.013841
 0.013030
 0.019132
 0.017114
 0.015767
 0.016661
 0.014907
 0.015278
 0.017489
 0.015354
 0.017897
 0.017300
 0.018774
 0.018670
 0.020459
 0.013434
 0.018292
 0.016562
 0.016089
 0.017468
 0.016503
 0.017695
 0.015293
 0.018410
 0.018121
 0.018156
 0.013904
 0.016840
 0.018529
 0.014759
 0.015037
 0.017948
 0.015070
 0.023892
 0.021160
 0.017573
 0.019114
 0.015515
 0.019016
 0.015316
 0.014794
 0.019331
 0.016193
 0.018536
 0.019551
 0.014856
 0.013150
 0.019930
 0.014915
 0.013880
 0.014635
 0.018307
 0.014066
 0.014329
 0.013145
 0.017494
 0.014720
 0.016426
 0.018416
 0.017298
 0.017052
 0.012780
 0.014393
 0.018067
 0.014452
 0.018844
 0.016437
 0.013152
 0.015255
 0.013410
 0.013164
 0.012525
 0.017499
 0.016527
 0.011066
 0.020898
 0.012618
 0.014947
 0.013882
 0.016228
 0.015443
 0.024074
 0.019374
 0.016543
 0.015021
 0.014761
 0.018989
 0.015361
 0.016937
 0.016811
 0.019087
 0.016694
 0.014715
 0.016575
 0.020400
 0.015414
 0.018980
 0.018673
 0.017110
 0.015046
 0.020008
 0.015356
 0.016083
 0.018546
 0.015207
 0.017977
 0.013325
 0.013916
 0.016140
 0.016016
 0.018380
 0.014765
 0.018768
 0.013957
 0.016547
 0.013461
 0.017533
 0.013121
 0.014962
 0.023606
 0.018236
 0.013952
 0.013857
 0.015294
 0.013841
 0.016706
 0.019164
 0.014535
 0.019814
 0.016279
 0.015575
 0.013652
 0.017752
 0.019669
 0.017160
 0.018944
 0.018482
 0.014366
 0.017086
 0.021464
 0.015041
 0.014526
 0.016002
 0.015392
 0.015933
 0.013271
 0.015736
 0.013889
 0.015035
 0.018456
 0.015155
 0.013950
 0.015590
 0.016803
 0.019491
 0.014698
 0.014825
 0.017989
 0.014398
 0.016453
 0.014895
 0.019011
 0.016155
 0.015137
 0.014521
 0.015127
 0.018299
 0.018412
 0.014756
 0.013615
 0.017357
 0.019817
 0.019146
 0.014829
 0.015785
 0.013035
 0.018899
 0.018530
 0.025496
 0.014529
 0.016384
 0.016649
 0.018288
 0.014871
 0.015372
 0.015765
 0.014449
 0.016127
 0.017407
 0.015554
 0.016386
 0.020493
 0.016276
 0.019551
 0.020099
 0.016654
 0.019705
 0.014772
 0.019642
 0.014230
 0.016235
 0.018143
 0.016218
 0.021049
 0.019362
 0.015754
 0.016940
 0.018930
 0.016019
 0.012424
 0.013087
 0.013561
 0.015757
 0.016439
 0.017751
 0.014850
 0.018915
 0.018301
 0.017459
 0.018029
 0.017858
 0.018683
 0.014958
 0.018086
 0.018703
 0.018149
 0.013958
 0.018950
 0.016468
 0.013233
 0.015767
 0.017216
 0.017998
 0.018669
 0.013961
 0.015750
 0.018556
 0.016946
 0.014467
 0.018411
 0.014292
 0.017868
 0.018315
 0.015053
 0.015716
 0.018740
 0.018097
 0.019146
 0.017744
 0.014508
 0.015497
 0.018229
 0.015576
 0.017306
 0.021545
 0.013830
 0.021186
 0.012875
 0.016793
 0.016647
 0.013289
 0.016274
 0.014852
 0.017863
 0.018955
 0.014661
 0.014931
 0.017328
 0.016828
 0.015469
 0.019600
 0.014032
 0.016681
 0.015599
 0.014726
 0.014159
 0.018701
 0.015201
 0.015298
 0.013338
 0.013449
 0.019111
 0.014300
 0.016572
 0.016367
 0.014754
 0.014572
 0.019524
 0.014854
 0.012980
 0.018594
 0.013383
 0.017733
 0.018607
 0.016344
 0.016141
 0.013572
 0.016039
 0.012260
 0.012478
 0.015887
 0.017571
 0.017656
 0.015655
 0.016333
 0.019359
 0.017836
 0.017979
 0.018220
 0.014656
 0.020899
 0.016233
 0.016657
 0.019064
 0.015645
 0.018567
 0.017977
 0.015341
 0.016788
 0.016055
 0.014239
 0.024422
 0.019055
 0.027909
 0.013499
 0.016404
 0.022339
 0.014593
 0.014569
 0.018277
 0.017966
 0.018723
 0.018667
 0.018053
 0.018696
 0.019883
 0.018948
 0.018902
 0.018243
 0.015231
 0.014754
 0.013189
 0.019012
 0.016762
 0.015248
 0.014407
 0.015282
 0.015027
 0.011888
 0.013977
 0.012414
 0.014127
 0.014350
 0.019570
 0.018904
 0.016875
 0.018345
 0.012987
 0.014845
 0.014645
 0.016264
 0.018022
 0.014608
 0.018806
 0.013452
 0.014055
 0.014706
 0.014772
 0.015690
 0.014102
 0.014700
 0.014259
 0.014253
 0.017398
 0.013916
 0.018050
 0.013096
 0.018175
 0.016946
 0.014398
 0.014120
 0.015114
 0.013915
 0.014762
 0.014013
 0.013888
 0.012019
 0.016450
 0.013114
 0.016563
 0.011917
 0.016863
 0.012699
 0.013679
 0.015740
 0.011265
 0.015570
 0.017313
 0.011567
 0.011275
 0.012833
 0.011609
 0.013233
 0.017128
 0.016360
 0.016932
 0.013084
 0.013902
 0.016604
 0.015636
 0.014038
 0.015174
 0.018173
 0.014698
 0.017100
 0.017171
 0.015615
 0.014975
 0.014591
 0.018284
 0.014358
 0.015330
 0.014665
 0.017527
 0.018974
 0.015999
 0.016167
 0.016369
 0.015080
 0.013635
 0.014767
 0.016178
 0.017955
 0.018747
 0.015509
 0.015500
 0.019144
 0.019073
 0.018743
 0.019982
 0.019761
 0.016449
 0.013633
 0.020000
 0.018162
 0.014188
 0.012535
 0.013302
 0.013896
 0.015847
 0.014626
 0.014217
 0.015112
 0.016147
 0.016190
 0.015790
 0.016387
 0.018104
 0.013608
 0.015314
 0.016319
 0.016276
 0.015384
 0.014305
 0.019501
 0.017813
 0.019005
 0.015771
 0.015924
 0.019529
 0.017648
 0.014617
 0.015742
 0.015107
 0.018540
 0.015907
 0.017626
 0.016589
 0.014754
 0.016178
 0.015039
 0.016696
 0.016122
 0.016051
 0.016120
 0.013806
 0.015100
 0.015031
 0.016299
 0.015717
 0.014244
 0.018005
 0.020489
 0.013119
 0.017728
 0.016976
 0.019032
 0.016841
 0.015852
 0.017504
 0.018696
 0.018922
 0.014763
 0.016450
 0.016313
 0.018066
 0.015140
 0.015086
 0.015664
 0.015619
 0.016526
 0.015991
 0.015910
 0.016699
 0.019565
 0.017875
 0.014920
 0.016282
 0.015804
 0.018950
 0.017573
 0.016395
 0.016675
 0.017795
 0.016889
 0.021159
 0.016112
 0.014705
 0.016314
 0.015776
 0.015958
 0.016200
 0.015747
 0.020256
 0.014831
 0.019602
 0.015486
 0.017761
 0.014426
 0.016446
 0.016946
 0.016381
 0.015941
 0.020035
 0.019601
 0.022338
 0.017430
 0.019356
 0.015562
 0.019976
 0.019679
 0.016065
 0.017494
 0.017053
 0.016338
 0.018697
 0.019854
 0.015700
 0.019095
 0.017096
 0.013240
 0.013831
 0.017795
 0.019013
 0.013646
 0.015720
 0.014383
 0.015458
 0.014933
 0.014164
 0.014367
 0.015220
 0.017268
 0.013438
 0.018318
 0.018218
 0.013160
 0.014680
 0.016249
 0.014685
 0.018155
 0.014091
 0.015837
 0.014711
 0.013906
 0.014727
 0.013975
 0.016938
 0.015378
 0.014298
 0.017500
 0.017552
 0.013574
 0.016855
 0.014741
 0.014454
 0.012965
 0.017755
 0.015689
 0.017969
 0.014657
 0.012928
 0.014563
 0.014288
 0.015571
 0.012976
 0.013273
 0.017165
 0.013419
 0.017270
 0.014883
 0.020689
 0.018383
 0.018005
 0.014638
 0.017959
 0.016239
 0.014991
 0.017122
 0.015163
 0.019480
 0.019453
 0.014846
 0.015839
 0.018153
 0.020066
 0.017363
 0.014347
 0.015469
 0.015313
 0.014792
 0.016322
 0.014526
 0.015531
 0.015559
 0.017123
 0.021398
 0.015133
 0.013761
 0.015504
 0.017149
 0.014093
 0.014728
 0.015693
 0.015520
 0.017815
 0.014451
 0.013462
 0.014415
 0.019802
 0.012716
 0.018579
 0.015273
 0.024446
 0.014248
 0.019556
 0.013431
 0.016301
 0.018045
 0.018140
 0.018702
 0.013296
 0.015035
 0.016431
 0.013263
 0.021474
 0.014274
 0.018403
 0.019153
 0.018060
 0.015855
 0.015102
 0.016114
 0.015318
 0.015682
 0.014707
 0.018507
 0.016254
 0.017229
 0.017042
 0.016029
 0.017040
 0.014674
 0.021024
 0.017388
 0.016352
 0.014594
 0.015875
 0.016046
 0.020629
 0.018229
 0.017034
 0.014891
 0.016474
 0.018708
 0.018425
 0.015997
 0.016769
 0.015230
 0.020615
 0.018012
 0.022395
 0.021602
 0.018849
 0.018746
 0.019974
 0.019677
 0.018392
 0.016004
 0.018593
 0.013055
 0.015375
 0.013592
 0.017759
 0.015959
 0.015389
 0.015790
 0.017475
 0.019456
 0.015137
 0.023681
 0.023348
 0.018042
 0.019850
 0.015812
 0.017710
 0.018831
 0.018805
 0.019642
 0.017326
 0.018995
 0.016266
 0.014216
 0.015719
 0.018307
 0.015941
 0.019047
 0.015684
 0.018733
 0.012987
 0.014909
 0.018395
 0.013710
 0.013024
 0.012894
 0.014696
 0.022336
 0.014701
 0.018950
 0.015130
 0.014878
 0.014381
 0.013692
 0.018306
 0.017307
 0.017751
 0.013860
 0.017421
 0.015568
 0.016341
 0.013647
 0.016945
 0.017337
 0.018190
 0.018648
 0.016343
 0.013527
 0.017256
 0.015636
 0.017330
 0.015104
 0.014271
 0.017723
 0.013134
 0.019594
 0.016146
 0.014828
 0.013856
 0.014028
 0.019671
 0.015206
 0.012962
 0.015464
 0.013192
 0.014464
 0.017626
 0.014188
 0.016244
 0.014576
 0.019364
 0.012744
 0.013591
 0.013190
 0.015288
 0.013243
 0.013222
 0.014464
 0.018814
 0.018799
 0.014737
 0.018202
 0.022289
 0.015329
 0.013812
 0.016575
 0.018035
 0.019131
 0.015303
 0.014900
 0.015778
 0.015617
 0.014308
 0.012903
 0.017841
 0.013226
 0.015148
 0.019671
 0.019395
 0.015269
 0.019160
 0.015001
 0.017632
 0.015713
 0.015839
 0.014862
 0.015291
 0.018029
 0.014307
 0.015994
 0.017592
 0.019196
 0.014789
 0.020161
 0.016436
 0.013645
 0.018505
 0.018406
 0.017979
 0.015298
 0.018144
 0.014789
 0.012422
 0.017488
 0.017047
 0.016011
 0.013450
 0.016072
 0.019492
 0.015708
 0.018221
 0.017049
 0.016702
 0.016040
 0.013615
 0.016250
 0.017493
 0.012095
 0.016668
 0.016337
 0.016638
 0.011246
 0.013221
 0.018215
 0.015923
 0.016490
 0.018531
 0.017011
 0.017479
 0.014612
 0.012812
 0.018321
 0.012763
 0.017396
 0.014517
 0.014034
 0.018263
 0.014554
 0.015073
 0.019181
 0.014258
 0.019412
 0.014733
 0.017283
 0.013992
 0.021550
 0.012920
 0.012234
 0.013368
 0.015716
 0.012645
 0.012407
 0.017376
 0.017005
 0.011815
 0.013970
 0.017667
 0.011825
 0.015174
 0.011867
 0.011654
 0.016257
 0.017947
 0.012364
 0.012277
 0.019718
 0.015821
 0.020096
 0.017141
 0.017303
 0.017771
 0.020963
 0.018759
 0.019695
 0.020667
 0.020369
 0.015190
 0.016200
 0.016368
 0.016371
 0.014770
 0.020482
 0.019725
 0.018067
 0.020079
 0.016594
 0.026372
 0.022803
 0.021308
 0.017273
 0.014983
 0.016351
 0.016391
 0.015107
 0.016236
 0.016091
 0.019066
 0.019447
 0.020081
 0.015881
 0.016057
 0.017017
 0.020747
 0.013922
 0.013750
 0.016773
 0.014192
 0.012960
 0.013830
 0.016964
 0.016781
 0.014640
 0.014613
 0.017653
 0.019360
 0.015350
 0.012698
 0.015433
 0.017757
 0.014528
 0.018539
 0.018600
 0.018229
 0.018415
 0.018661
 0.016969
 0.013776
 0.013884
 0.013265
 0.020592
 0.013339
 0.013927
 0.016400
 0.015781
 0.013317
 0.018267
 0.018235
 0.016073
 0.013389
 0.014187
 0.013179
 0.018836
 0.017121
 0.015612
 0.017158
 0.015464
 0.016307
 0.016476
 0.018546
 0.017813
 0.014999
 0.015944
 0.013327
 0.013066
 0.014195
 0.018315
 0.017765
 0.017649
 0.015347
 0.015864
 0.025251
 0.019879
 0.013501
 0.015924
 0.017855
 0.014029
 0.013310
 0.014053
 0.016576
 0.015605
 0.017478
 0.017701
 0.013034
 0.012288
 0.013682
 0.018657
 0.014762
 0.015128
 0.020919
 0.017958
 0.015184
 0.018733
 0.014701
 0.017828
 0.017893
 0.013336
 0.017937
 0.014303
 0.017674
 0.017212
 0.017365
 0.013772
 0.012928
 0.014766
 0.011377
 0.012571
 0.015091
 0.015848
 0.020522
 0.015442
 0.019518
 0.013775
 0.021215
 0.022009
 0.014041
 0.018894
 0.017989
 0.017831
 0.018463
 0.020040
 0.015324
 0.013790
 0.021464
 0.015843
 0.017925
 0.019156
 0.018466
 0.014699
 0.016484
 0.017845
 0.015031
 0.017007
 0.024905
 0.020266
 0.015468
 0.019116
 0.021806
 0.021351
 0.029534
 0.021612
 0.030399
 0.020292
 0.021757
 0.022303
 0.021610
 0.018798
 0.033857
 0.024671
 0.033193
 0.019968
 0.026441
 0.020461
 0.016242
 0.016373
 0.014538
 0.016302
 0.014300
 0.016147
 0.017744
 0.015176
 0.020022
 0.015208
 0.018543
 0.016633
 0.013884
 0.020123
 0.018074
 0.021342
 0.015165
 0.014509
 0.018125
 0.016392
 0.015151
 0.018179
 0.018166
 0.013893
 0.015142
 0.014669
 0.016433
 0.014219
 0.013207
 0.018107
 0.014445
 0.017257
 0.016718
 0.012565
 0.014792
 0.015193
 0.017722
 0.014335
 0.017744
 0.015456
 0.016860
 0.013249
 0.015017
 0.016024
 0.016886
 0.014174
 0.014861
 0.019048
 0.018080
 0.015488
 0.020934
 0.015511
 0.017669
 0.015825
 0.019807
 0.014214
 0.015573
 0.015192
 0.014395
 0.015948
 0.014626
 0.014560
 0.015833
 0.018583
 0.014774
 0.018460
 0.017234
 0.014589
 0.013475
 0.015452
 0.015881
 0.013127
 0.014328
 0.013859
 0.014052
 0.014978
 0.015176
 0.012585
 0.013256
 0.012931
 0.020896
 0.015709
 0.014272
 0.013734
 0.014215
 0.013042
 0.015243
 0.015577
 0.015008
 0.013753
 0.019478
 0.022850
 0.015488
 0.020268
 0.013335
 0.015707
 0.015045
 0.014227
 0.019617
 0.015606
 0.016098
 0.015473
 0.016625
 0.016059
 0.019607
 0.019929
 0.016364
 0.019192
 0.016082
 0.020022
 0.016800
 0.014649
 0.014758
 0.014060
 0.018838
 0.015870
 0.012513
 0.012184
 0.017126
 0.017058
 0.016355
 0.012507
 0.017273
 0.013849
 0.014432
 0.014323
 0.018452
 0.017751
 0.014062
 0.019335
 0.014040
 0.013522
 0.013944
 0.012117
 0.014447
 0.015276
 0.015208
 0.018674
 0.015177
 0.014800
 0.013252
 0.013862
 0.014805
 0.015855
 0.014630
 0.014502
 0.013529
 0.013269
 0.016921
 0.013793
 0.014559
 0.015492
 0.014179
 0.013802
 0.018180
 0.013273
 0.014031
 0.014765
 0.014268
 0.014549
 0.013710
 0.021337
 0.016949
 0.017426
 0.018923
 0.011269
 0.012887
 0.016117
 0.015460
 0.016468
 0.010937
 0.015608
 0.015510
 0.011705
 0.010890
 0.011312
 0.015002
 0.015812
 0.011290
 0.012784
 0.012590
 0.011578
 0.013371
 0.012972
 0.013787
 0.010856
 0.016666
 0.013434
 0.018013
 0.012140
 0.012334
 0.015902
 0.016233
 0.021381
 0.012817
 0.015311
 0.013422
 0.008393
 0.013822
 0.015118
 0.025503
 0.009153
 0.014940
 0.014186
 0.013392
 0.018810
 0.014128
 0.013127
 0.013384
 0.010759
 0.011574
 0.010634
 0.013218
 0.015193
 0.015011
 0.016696
 0.012787
 0.010867
 0.017128
 0.015548
 0.018290
 0.017381
 0.017441
 0.018293
 0.017726
 0.016131
 0.018122
 0.017292
 0.015952
 0.016289
 0.016304
 0.016210
 0.016445
 0.016091
 0.015876
 0.015793
 0.015903
 0.015433
 0.015558
 0.010602
 0.014988
 0.015327
 0.015234
 0.012447
 0.011996
 0.014763
 0.015221
 0.014416
 0.009208
 0.014713
 0.023615
 0.016542
 0.018067
 0.018907
 0.014143
 0.018644
 0.018478
 0.014004
 0.018253
 0.017706
 0.017936
 0.014160
 0.013450
 0.018058
 0.018823
 0.017750
 0.018386
 0.015963
 0.017546
 0.013895
 0.018444
 0.019610
 0.015890
 0.018925
 0.018366
 0.017877
 0.016155
 0.017459
 0.017895
 0.018200
 0.018495
 0.016488
 0.012887
 0.018638
 0.018569
 0.012376
 0.016840
 0.017134
 0.015144
 0.013363
 0.023005
 0.016750
 0.014416
 0.017108
 0.017262
 0.012389
 0.013068
 0.019755
 0.016581
 0.016019
 0.014364
 0.021671
 0.012746
 0.017560
 0.014211
 0.013617
 0.020657
 0.016980
 0.014165
 0.018437
 0.016506
 0.013560
 0.013184
 0.016792
 0.015742
 0.023143
 0.015523
 0.013197
 0.013240
 0.017856
 0.020237
 0.018374
 0.014480
 0.020220
 0.016993
 0.017785
 0.013951
 0.018813
 0.016133
 0.013734
 0.014591
 0.013363
 0.014480
 0.019027
 0.013475
 0.017872
 0.014671
 0.014196
 0.018349
 0.018283
 0.013410
 0.015016
 0.019604
 0.013379
 0.014564
 0.016001
 0.016987
 0.016724
 0.021412
 0.017249
 0.020262
 0.013718
 0.020332
 0.018321
 0.018648
 0.014975
 0.015314
 0.019895
 0.015125
 0.015396
 0.019635
 0.019907
 0.019020
 0.018333
 0.015208
 0.015549
 0.020057
 0.019037
 0.019303
 0.015979
 0.016946
 0.015805
 0.019458
 0.020179
 0.017254
 0.018548
 0.015568
 0.019592
 0.017008
 0.017500
 0.016180
 0.013379
 0.017384
 0.019839
 0.020549
 0.021907
 0.015632
 0.019210
 0.016307
 0.016399
 0.016151
 0.019741
 0.015798
 0.015579
 0.017545
 0.019051
 0.018988
 0.017648
 0.021430
 0.017491
 0.019192
 0.020584
 0.018989
 0.017952
 0.017194
 0.014354
 0.016349
 0.018851
 0.015239
 0.018617
 0.014727
 0.018781
 0.022474
 0.019030
 0.012771
 0.016492
 0.015746
 0.013898
 0.019760
 0.016485
 0.011942
 0.020645
 0.014368
 0.013407
 0.015147
 0.012804
 0.015521
 0.012124
 0.011457
 0.012492
 0.016917
 0.017140
 0.012395
 0.022871
 0.012825
 0.011830
 0.016663
 0.012561
 0.015806
 0.016531
 0.034154
 0.014903
 0.016212
 0.017264
 0.016881
 0.012423
 0.014748
 0.020721
 0.013147
 0.014401
 0.017533
 0.016712
 0.017354
 0.022399
 0.012902
 0.015229
 0.016303
 0.012804
 0.012145
 0.012580
 0.018937
 0.012098
 0.012783
 0.013253
 0.011902
 0.008970
 0.019814
 0.013316
 0.015615
 0.011425
 0.013084
 0.015346
 0.016885
 0.014243
 0.014735
 0.017709
 0.018008
 0.020891
 0.014505
 0.017876
 0.017798
 0.014020
 0.018377
 0.016484
 0.017362
 0.014196
 0.012812
 0.016967
 0.013983
 0.017575
 0.018190
 0.016738
 0.015699
 0.016012
 0.011822
 0.015053
 0.016322
 0.012477
 0.013793
 0.017724
 0.010868
 0.016063
 0.015401
 0.010814
 0.010538
 0.014425
 0.014994
 0.010246
 0.014146
 0.011016
 0.014909
 0.014800
 0.015167
 0.020009
 0.011011
 0.010751
 0.011161
 0.014182
 0.010844
 0.016568
 0.012205
 0.015356
 0.013014
 0.011166
 0.009557
 0.008893
 0.010745
 0.011678
 0.014219
 0.014101
 0.010841
 0.012068
 0.011598
 0.011914
 0.012398
 0.015378
 0.015794
 0.010941
 0.015713
 0.014464
 0.015067
 0.011750
 0.011705
 0.013210
 0.014686
 0.015597
 0.011506
 0.014063
 0.012499
 0.014640
 0.015218
 0.011633
 0.011239
 0.042591
 0.005270
 0.012975
 0.011404
 0.011991
 0.008022
 0.010139
 0.061578
 0.007891
 0.015316
 0.014526
 0.013655
 0.008731
 0.009175
 0.013680
 0.010351
 0.011100
 0.012522
 0.010411
 0.009863
 0.023537
 0.010089
 0.011132
 0.021006
 0.010520
 0.010317
 0.016208
 0.014869
 0.010044
 0.015821
 0.010538
 0.014795
 0.019099
 0.010497
 0.010254
 0.030852
 0.016110
 0.010490
 0.012323
 0.016174
 0.015860
 0.012228
 0.010803
 0.010640
 0.021240
 0.016046
 0.013001
 0.010865
 0.012321
 0.012222
 0.024599
 0.010918
 0.011928
 0.010673
 0.011614
 0.014861
 0.013308
 0.011396
 0.016044
 0.010255
 0.011200
 0.011850
 0.011228
 0.011071
 0.016636
 0.014466
 0.010711
 0.010556
 0.011376
 0.012154
 0.011008
 0.009108
 0.012506
 0.011987
 0.015530
 0.014238
 0.014784
 0.014816
 0.010719
 0.010550
 0.014086
 0.009753
 0.018540
 0.010024
 0.015099
 0.014764
 0.011724
 0.012519
 0.015319
 0.011977
 0.010581
 0.018306
 0.010753
 0.010357
 0.009009
 0.010482
 0.008099
 0.019548
 0.010736
 0.013600
 0.014009
 0.015237
 0.012029
 0.014302
 0.010658
 0.011336
 0.010741
 0.010246
 0.011809
 0.010052
 0.014430
 0.014285
 0.010165
 0.012582
 0.012643
 0.012727
 0.009994
 0.009320
 0.008055
 0.009731
 0.011085
 0.012382
 0.010026
 0.012450
 0.011026
 0.014978
 0.009354
 0.076450
 0.015520
 0.008687
 0.010896
 0.008570
 0.015784
 0.010831
 0.010637
 0.014408
 0.011833
 0.011854
 0.009890
 0.011378
 0.010660
 0.013278
 0.014040
 0.008541
 0.012291
 0.011128
 0.009876
 0.011285
 0.011808
 0.011143
 0.014429
 0.010006
 0.011263
 0.008779
 0.007331
 0.009331
 0.008230
 0.011049
 0.010469
 0.010357
 0.012589
 0.008538
 0.012229
 0.007701
 0.011358
 0.007877
 0.008995
 0.008095
 0.007895
 0.011713
 0.007021
 0.013094
 0.009499
 0.008593
 0.009974
 0.007210
 0.007774
 0.010088
 0.008646
 0.007351
 0.011039
 0.009500
 0.014196
 0.015172
 0.015010
 0.011526
 0.010571
 0.023777
 0.014924
 0.009184
 0.014137
 0.013098
 0.017352
 0.009527
 0.013282
 0.014168
 0.015025
 0.013276
 0.009624
 0.010326
 0.009271
 0.018165
 0.014997
 0.011982
 0.015250
 0.015200
 0.013032
 0.014919
 0.014685
 0.014810
 0.012448
 0.014708
 0.014495
 0.012991
 0.014812
 0.012216
 0.025399
 0.014509
 0.016042
 0.013994
 0.015174
 0.019062
 0.013389
 0.013853
 0.014138
 0.012327
 0.012407
 0.014618
 0.014219
 0.012168
 0.014912
 0.010256
 0.022056
 0.010252
 0.013695
 0.009565
 0.017312
 0.017332
 0.012668
 0.014770
 0.014526
 0.009758
 0.014413
 0.010045
 0.007352
 0.013516
 0.010968
 0.061964
 0.006648
 0.010580
 0.014858
 0.014527
 0.014466
 0.016486
 0.012827
 0.013780
 0.014320
 0.013641
 0.016815
 0.013906
 0.013440
 0.011753
 0.011271
 0.006541
 0.014638
3017 frames decoded in toal.
