Configure resampler: libSwResample
 0.028116
 0.030392
 0.032760
 0.030906
 0.020348
 0.026812
 0.030848
 0.021297
 0.021128
 0.029196
 0.021887
 0.027779
 0.026287
 0.016131
 0.018482
 0.021786
 0.013516
 0.014538
 0.018933
 0.019266
 0.014474
 0.013647
 0.016877
 0.017388
 0.016109
 0.027235
 0.017082
 0.013389
 0.020574
 0.013389
 0.017276
 0.012844
 0.016271
 0.015831
 0.028229
 0.014636
 0.010079
 0.017649
 0.019318
 0.021567
 0.017953
 0.016835
 0.010600
 0.010998
 0.019533
 0.011738
 0.016365
 0.014267
 0.014915
 0.014723
 0.017869
 0.014856
 0.010650
 0.013359
 0.016017
 0.014347
 0.019396
 0.011599
 0.011523
 0.024546
 0.013179
 0.017160
 0.013791
 0.011102
 0.014404
 0.015739
 0.010365
 0.010229
 0.013669
 0.015686
 0.010506
 0.016032
 0.011104
 0.015000
 0.017447
 0.011381
 0.015017
 0.016007
 0.011289
 0.016034
 0.014074
 0.011213
 0.014497
 0.022097
 0.012048
 0.010461
 0.013717
 0.016178
 0.010554
 0.017196
 0.016540
 0.012128
 0.011883
 0.011359
 0.015650
 0.014082
 0.010841
 0.010303
 0.014939
 0.011124
 0.010824
 0.016376
 0.010778
 0.013697
 0.018613
 0.016322
 0.012182
 0.012239
 0.014620
 0.010708
 0.011797
 0.010635
 0.016207
 0.009431
 0.011567
 0.012025
 0.010722
 0.009303
 0.012715
 0.031883
 0.017213
 0.015672
 0.012757
 0.011791
 0.016468
 0.018496
 0.016161
 0.015261
 0.014032
 0.014585
 0.016879
 0.011554
 0.011386
 0.015661
 0.018288
 0.011719
 0.015940
 0.019863
 0.014957
 0.015101
 0.016456
 0.008722
 0.015121
 0.017460
 0.015896
 0.015374
 0.017797
 0.015303
 0.016028
 0.020138
 0.012098
 0.016252
 0.018974
 0.012174
 0.016440
 0.021624
 0.013125
 0.015456
 0.016348
 0.015918
 0.014977
 0.015626
 0.021435
 0.012230
 0.013326
 0.018673
 0.015681
 0.017216
 0.014544
 0.015965
 0.014148
 0.018567
 0.015328
 0.015428
 0.016923
 0.015201
 0.015433
 0.022098
 0.016046
 0.015497
 0.018607
 0.015348
 0.015900
 0.017556
 0.016717
 0.015390
 0.020924
 0.015191
 0.012530
 0.013569
 0.014834
 0.012161
 0.020879
 0.017004
 0.016111
 0.016233
 0.015829
 0.011088
 0.012809
 0.016667
 0.017699
 0.014759
 0.015390
 0.016203
 0.021755
 0.017407
 0.012098
 0.021225
 0.017815
 0.017086
 0.020608
 0.017718
 0.017573
 0.018932
 0.015264
 0.017013
 0.022825
 0.016755
 0.013070
 0.019128
 0.015825
 0.016954
 0.020001
 0.016486
 0.016648
 0.015855
 0.017763
 0.013218
 0.018083
 0.016261
 0.017148
 0.013628
 0.017694
 0.016594
 0.016799
 0.017618
 0.016062
 0.014138
 0.017784
 0.022174
 0.012195
 0.010626
 0.015944
 0.016057
 0.013340
 0.015731
 0.015539
 0.016605
 0.016328
 0.015851
 0.017115
 0.012223
 0.016159
 0.016534
 0.012305
 0.018518
 0.018608
 0.017073
 0.020114
 0.017870
 0.017166
 0.018930
 0.017783
 0.012687
 0.017634
 0.012424
 0.016651
 0.019492
 0.012082
 0.015540
 0.015848
 0.016121
 0.016294
 0.016064
 0.015630
 0.011229
 0.008683
 0.024100
 0.019532
 0.015520
 0.016340
 0.020223
 0.016610
 0.018014
 0.020731
 0.013299
 0.012265
 0.018755
 0.016462
 0.017511
 0.018410
 0.017371
 0.017210
 0.019878
 0.017636
 0.016305
 0.019069
 0.017479
 0.016743
 0.016727
 0.019896
 0.016271
 0.020014
 0.015369
 0.012628
 0.019213
 0.017233
 0.014031
 0.019669
 0.018254
 0.017656
 0.015201
 0.014633
 0.012635
 0.017442
 0.018406
 0.016826
 0.017223
 0.013259
 0.016751
 0.019686
 0.014380
 0.012944
 0.020210
 0.012847
 0.013172
 0.014952
 0.016807
 0.012513
 0.020099
 0.015936
 0.012865
 0.014153
 0.017102
 0.016973
 0.015078
 0.017752
 0.012605
 0.020990
 0.016103
 0.017969
 0.014633
 0.016693
 0.017060
 0.022318
 0.015376
 0.013347
 0.019892
 0.017167
 0.015143
 0.016701
 0.017818
 0.016996
 0.013574
 0.013108
 0.017975
 0.014666
 0.015478
 0.016104
 0.019874
 0.019483
 0.013433
 0.016835
 0.014505
 0.015581
 0.016751
 0.019914
 0.014708
 0.018628
 0.018301
 0.014510
 0.013354
 0.021729
 0.013804
 0.017040
 0.019984
 0.014226
 0.013728
 0.015564
 0.018168
 0.016451
 0.019902
 0.013496
 0.012917
 0.014291
 0.016665
 0.012903
 0.015632
 0.013181
 0.020323
 0.014543
 0.013709
 0.017684
 0.011952
 0.012694
 0.016577
 0.013434
 0.016133
 0.018334
 0.013436
 0.012583
 0.012692
 0.018398
 0.016577
 0.015637
 0.014902
 0.011639
 0.012673
 0.013173
 0.015365
 0.018016
 0.014468
 0.014156
 0.017385
 0.016803
 0.017561
 0.014138
 0.020526
 0.018810
 0.018134
 0.014695
 0.016264
 0.017362
 0.014265
 0.013554
 0.011618
 0.016849
 0.013300
 0.013230
 0.013973
 0.016664
 0.015938
 0.012095
 0.012215
 0.015535
 0.013821
 0.015891
 0.013029
 0.017278
 0.012927
 0.013853
 0.017602
 0.013713
 0.019891
 0.013349
 0.017916
 0.011685
 0.012993
 0.016532
 0.018283
 0.011535
 0.017268
 0.021226
 0.020967
 0.014949
 0.016520
 0.016177
 0.014391
 0.012608
 0.017612
 0.015820
 0.016750
 0.017384
 0.014609
 0.013839
 0.015879
 0.012982
 0.013406
 0.012773
 0.013467
 0.016432
 0.012527
 0.012395
 0.017221
 0.013788
 0.010978
 0.012740
 0.015828
 0.008899
 0.018728
 0.016500
 0.017217
 0.013260
 0.017604
 0.013035
 0.016378
 0.019134
 0.012190
 0.014001
 0.019378
 0.013623
 0.014453
 0.025344
 0.013887
 0.018393
 0.019530
 0.017487
 0.014662
 0.018849
 0.019442
 0.014004
 0.015408
 0.016079
 0.017359
 0.015385
 0.017313
 0.017888
 0.014190
 0.011736
 0.012918
 0.013718
 0.018994
 0.017850
 0.016597
 0.018148
 0.017231
 0.017743
 0.017024
 0.018132
 0.016927
 0.012664
 0.015347
 0.020060
 0.012932
 0.016942
 0.019936
 0.013936
 0.015585
 0.014742
 0.011860
 0.014016
 0.014801
 0.015700
 0.016576
 0.012096
 0.015943
 0.012302
 0.019539
 0.012995
 0.016584
 0.012881
 0.012965
 0.012160
 0.012432
 0.015865
 0.015355
 0.015758
 0.013490
 0.012084
 0.013574
 0.016224
 0.013179
 0.013064
 0.012037
 0.014683
 0.013835
 0.016137
 0.015455
 0.017358
 0.013391
 0.015275
 0.012047
 0.014016
 0.014879
 0.015698
 0.020114
 0.018434
 0.013609
 0.016991
 0.013658
 0.018421
 0.016621
 0.018387
 0.013107
 0.017408
 0.017497
 0.015383
 0.014067
 0.013030
 0.015382
 0.016651
 0.015204
 0.010831
 0.014939
 0.011856
 0.016351
 0.015122
 0.014544
 0.012754
 0.017826
 0.013730
 0.012885
 0.014047
 0.017068
 0.017685
 0.016892
 0.014361
 0.018384
 0.011468
 0.016787
 0.017193
 0.014406
 0.013781
 0.013452
 0.017838
 0.014936
 0.015017
 0.018568
 0.014949
 0.014886
 0.013772
 0.018922
 0.018747
 0.017601
 0.015399
 0.015336
 0.024346
 0.012194
 0.012933
 0.017519
 0.014121
 0.015529
 0.013916
 0.018409
 0.016367
 0.016942
 0.013934
 0.011857
 0.012585
 0.013606
 0.014579
 0.016637
 0.014080
 0.013690
 0.014570
 0.018665
 0.018027
 0.012960
 0.015202
 0.018243
 0.012298
 0.016786
 0.014338
 0.013369
 0.015310
 0.014698
 0.018022
 0.014706
 0.018019
 0.017200
 0.013273
 0.012749
 0.017135
 0.012171
 0.013178
 0.012041
 0.014106
 0.012516
 0.014309
 0.013461
 0.014947
 0.013612
 0.015003
 0.015198
 0.014519
 0.014053
 0.018782
 0.016902
 0.014692
 0.012151
 0.013952
 0.014508
 0.014639
 0.018845
 0.016220
 0.017642
 0.014082
 0.015526
 0.014532
 0.014225
 0.016387
 0.017791
 0.016451
 0.011617
 0.014719
 0.010992
 0.011832
 0.017885
 0.013344
 0.015363
 0.014448
 0.017355
 0.015253
 0.012305
 0.017338
 0.011994
 0.012077
 0.014138
 0.014634
 0.011054
 0.012015
 0.013334
 0.017024
 0.014090
 0.011924
 0.012649
 0.017208
 0.016181
 0.014585
 0.016143
 0.016493
 0.015246
 0.011806
 0.016324
 0.013439
 0.013584
 0.017733
 0.014038
 0.012838
 0.017557
 0.014236
 0.013724
 0.018588
 0.018844
 0.020222
 0.020087
 0.018930
 0.019103
 0.015915
 0.017192
 0.014671
 0.015021
 0.015731
 0.017255
 0.015210
 0.014546
 0.015558
 0.020197
 0.014798
 0.020211
 0.018752
 0.017731
 0.014290
 0.016011
 0.016721
 0.015949
 0.015416
 0.018773
 0.017305
 0.015298
 0.019636
 0.014840
 0.016172
 0.019567
 0.015647
 0.014403
 0.018751
 0.013184
 0.022130
 0.017375
 0.016157
 0.015583
 0.013574
 0.018036
 0.020303
 0.015367
 0.012496
 0.019171
 0.013306
 0.012110
 0.017580
 0.017453
 0.012869
 0.013789
 0.013620
 0.016567
 0.013808
 0.012834
 0.016874
 0.015306
 0.018050
 0.014286
 0.013894
 0.017994
 0.015888
 0.015583
 0.013838
 0.013246
 0.011326
 0.017210
 0.013334
 0.018638
 0.014985
 0.016179
 0.013462
 0.013505
 0.014444
 0.018156
 0.015099
 0.012219
 0.013617
 0.013629
 0.011952
 0.013860
 0.014793
 0.016099
 0.014355
 0.016637
 0.015605
 0.014128
 0.016843
 0.015882
 0.019451
 0.013536
 0.014922
 0.016105
 0.018743
 0.018271
 0.013546
 0.018402
 0.013961
 0.013714
 0.017695
 0.017849
 0.015546
 0.018493
 0.013536
 0.012701
 0.013604
 0.018936
 0.012318
 0.016652
 0.017899
 0.017425
 0.018684
 0.017531
 0.010504
 0.016661
 0.016367
 0.018725
 0.012997
 0.013216
 0.015504
 0.013547
 0.017519
 0.014391
 0.018585
 0.015879
 0.014687
 0.013219
 0.018483
 0.017415
 0.020548
 0.013145
 0.014877
 0.018718
 0.018305
 0.018925
 0.014824
 0.016644
 0.012748
 0.014868
 0.016709
 0.018328
 0.015522
 0.014857
 0.014440
 0.015667
 0.018447
 0.016719
 0.013903
 0.013520
 0.018175
 0.014181
 0.018072
 0.013977
 0.012799
 0.013877
 0.013863
 0.014528
 0.014876
 0.016634
 0.018046
 0.014669
 0.015247
 0.019021
 0.013160
 0.013040
 0.013256
 0.014180
 0.016662
 0.018160
 0.017941
 0.015582
 0.014155
 0.016000
 0.016210
 0.018177
 0.017545
 0.018780
 0.013982
 0.015856
 0.014115
 0.013082
 0.017419
 0.012741
 0.011416
 0.010111
 0.010975
 0.017634
 0.017329
 0.019792
 0.016641
 0.016541
 0.013004
 0.015093
 0.015091
 0.018971
 0.019673
 0.015443
 0.018998
 0.013842
 0.016486
 0.019402
 0.015787
 0.019489
 0.016424
 0.015803
 0.015139
 0.015666
 0.016665
 0.016144
 0.015062
 0.019229
 0.018492
 0.017017
 0.019203
 0.015237
 0.014101
 0.014246
 0.016004
 0.019882
 0.014906
 0.016053
 0.017874
 0.017640
 0.017449
 0.015498
 0.018346
 0.019855
 0.014682
 0.013930
 0.019263
 0.015508
 0.018310
 0.019640
 0.014749
 0.018513
 0.019757
 0.017493
 0.016341
 0.014641
 0.019004
 0.013991
 0.015673
 0.015693
 0.018406
 0.015098
 0.015694
 0.020889
 0.016769
 0.016622
 0.015807
 0.015416
 0.016764
 0.018824
 0.018794
 0.016307
 0.017843
 0.016420
 0.015541
 0.019146
 0.015944
 0.016938
 0.018569
 0.018314
 0.016996
 0.018097
 0.016573
 0.014832
 0.014411
 0.014814
 0.018059
 0.013558
 0.018830
 0.015992
 0.016533
 0.018861
 0.013893
 0.013059
 0.013995
 0.017011
 0.014228
 0.017195
 0.015232
 0.019105
 0.018244
 0.018444
 0.016719
 0.016390
 0.012639
 0.017499
 0.012994
 0.016177
 0.018557
 0.014229
 0.013935
 0.015871
 0.014931
 0.016114
 0.014374
 0.016391
 0.013522
 0.017449
 0.023987
 0.015745
 0.018043
 0.012572
 0.014356
 0.016849
 0.010036
 0.016061
 0.017135
 0.021255
 0.018917
 0.013566
 0.017903
 0.015428
 0.014085
 0.016876
 0.014856
 0.017499
 0.017861
 0.016840
 0.016749
 0.017130
 0.016247
 0.017061
 0.013099
 0.018222
 0.017874
 0.017377
 0.019755
 0.014937
 0.015805
 0.019900
 0.018646
 0.014509
 0.020824
 0.015730
 0.019326
 0.015102
 0.018415
 0.016506
 0.015882
 0.014099
 0.017628
 0.014600
 0.017075
 0.013711
 0.013787
 0.018138
 0.017253
 0.018481
 0.017834
 0.019429
 0.018657
 0.012649
 0.014639
 0.019502
 0.019195
 0.012814
 0.016177
 0.018255
 0.015643
 0.015359
 0.015889
 0.016805
 0.015909
 0.014775
 0.014752
 0.018484
 0.014630
 0.018553
 0.014953
 0.019102
 0.014254
 0.018368
 0.014536
 0.013611
 0.018319
 0.019151
 0.014043
 0.013207
 0.014023
 0.014406
 0.014057
 0.017749
 0.019957
 0.017815
 0.015930
 0.014794
 0.019285
 0.015616
 0.020349
 0.013997
 0.015119
 0.014863
 0.019058
 0.015504
 0.015832
 0.018198
 0.013343
 0.017462
 0.015617
 0.020146
 0.017097
 0.018912
 0.013393
 0.015612
 0.015085
 0.018755
 0.015848
 0.014159
 0.014659
 0.019268
 0.015258
 0.016042
 0.017856
 0.019269
 0.015080
 0.019213
 0.018876
 0.018474
 0.013780
 0.018542
 0.018010
 0.016410
 0.015777
 0.017578
 0.015231
 0.017021
 0.019855
 0.020177
 0.023379
 0.016422
 0.017238
 0.015918
 0.024832
 0.015812
 0.020285
 0.016485
 0.014342
 0.012500
 0.015017
 0.014349
 0.017665
 0.018795
 0.018685
 0.018458
 0.014693
 0.016771
 0.017628
 0.013473
 0.015226
 0.014830
 0.013706
 0.013628
 0.013402
 0.014637
 0.015870
 0.014519
 0.017275
 0.015067
 0.018086
 0.016293
 0.015283
 0.019382
 0.020447
 0.016338
 0.013542
 0.021181
 0.014688
 0.018612
 0.017477
 0.014340
 0.015085
 0.013910
 0.016430
 0.021373
 0.019185
 0.013073
 0.014128
 0.014971
 0.019142
 0.015493
 0.016500
 0.016747
 0.014731
 0.015245
 0.017377
 0.013557
 0.020552
 0.018962
 0.020425
 0.015215
 0.020005
 0.019958
 0.016493
 0.015307
 0.014605
 0.018286
 0.013438
 0.014055
 0.018727
 0.018819
 0.017753
 0.021658
 0.018431
 0.019254
 0.018339
 0.017584
 0.018968
 0.018904
 0.016862
 0.018773
 0.017270
 0.014070
 0.015663
 0.013318
 0.015102
 0.014948
 0.010270
 0.018087
 0.015466
 0.014337
 0.017088
 0.014412
 0.020280
 0.018809
 0.015439
 0.016386
 0.015668
 0.014928
 0.017460
 0.018601
 0.015218
 0.018195
 0.018188
 0.016843
 0.018466
 0.014978
 0.016057
 0.014521
 0.014175
 0.017538
 0.015497
 0.013923
 0.013019
 0.018967
 0.015251
 0.015376
 0.017628
 0.016660
 0.015414
 0.019797
 0.015811
 0.016309
 0.014722
 0.015220
 0.020104
 0.014355
 0.017516
 0.016492
 0.016155
 0.017670
 0.017832
 0.018315
 0.014287
 0.017167
 0.015060
 0.018378
 0.017051
 0.013801
 0.018551
 0.013551
 0.018319
 0.018012
 0.014442
 0.017377
 0.014939
 0.013868
 0.017913
 0.019055
 0.015006
 0.016889
 0.019225
 0.014915
 0.017681
 0.018785
 0.018677
 0.018265
 0.017937
 0.020132
 0.015309
 0.015781
 0.013685
 0.013832
 0.013980
 0.022978
 0.015093
 0.017471
 0.020379
 0.016327
 0.014794
 0.015024
 0.016025
 0.017378
 0.015260
 0.012507
 0.014398
 0.011434
 0.014154
 0.017082
 0.014506
 0.015039
 0.019637
 0.019537
 0.014268
 0.013420
 0.015359
 0.014817
 0.014856
 0.014508
 0.018775
 0.017210
 0.018272
 0.012949
 0.016541
 0.016123
 0.017636
 0.015606
 0.014169
 0.014739
 0.016756
 0.015868
 0.014059
 0.017880
 0.013865
 0.015216
 0.015081
 0.014006
 0.014245
 0.015953
 0.017661
 0.014301
 0.015531
 0.015334
 0.013519
 0.018821
 0.015804
 0.014883
 0.021599
 0.018299
 0.015481
 0.013589
 0.014921
 0.015499
 0.014307
 0.015759
 0.018091
 0.016287
 0.018501
 0.017404
 0.015744
 0.018669
 0.016679
 0.015791
 0.018216
 0.015704
 0.019930
 0.018468
 0.014346
 0.017691
 0.018296
 0.017575
 0.019450
 0.017561
 0.017819
 0.015036
 0.014767
 0.016908
 0.014625
 0.017066
 0.016009
 0.017737
 0.016695
 0.013339
 0.014692
 0.016432
 0.015719
 0.013857
 0.019232
 0.019035
 0.013854
 0.015505
 0.015564
 0.012737
 0.013057
 0.014247
 0.014764
 0.013402
 0.015571
 0.015383
 0.016183
 0.018574
 0.014524
 0.014343
 0.015630
 0.020558
 0.016055
 0.015981
 0.017187
 0.013249
 0.013425
 0.015301
 0.016009
 0.017896
 0.018904
 0.020285
 0.020803
 0.019576
 0.017149
 0.015806
 0.019990
 0.021458
 0.015244
 0.015009
 0.016250
 0.015379
 0.022248
 0.014613
 0.016234
 0.017804
 0.018520
 0.017362
 0.018691
 0.015565
 0.016576
 0.012659
 0.015078
 0.015844
 0.015858
 0.016471
 0.014661
 0.016198
 0.015176
 0.013235
 0.015200
 0.016337
 0.012730
 0.018101
 0.019120
 0.018499
 0.023513
 0.023349
 0.015105
 0.018109
 0.018370
 0.017787
 0.017274
 0.020623
 0.022130
 0.022919
 0.021126
 0.022014
 0.021827
 0.018450
 0.025772
 0.016028
 0.012091
 0.026066
 0.017021
 0.018064
 0.018281
 0.024068
 0.016440
 0.019753
 0.018155
 0.022512
 0.017741
 0.014051
 0.017420
 0.016283
 0.014962
 0.013447
 0.015990
 0.013352
 0.017303
 0.012916
 0.012834
 0.013307
 0.016356
 0.013669
 0.018622
 0.017395
 0.016141
 0.012217
 0.017650
 0.017052
 0.012888
 0.018361
 0.014917
 0.018345
 0.018278
 0.013781
 0.014450
 0.016602
 0.013212
 0.018038
 0.018123
 0.018152
 0.019469
 0.019096
 0.014683
 0.014936
 0.015990
 0.013079
 0.015120
 0.019459
 0.020366
 0.012728
 0.018069
 0.016918
 0.014508
 0.013596
 0.014796
 0.015504
 0.014843
 0.013929
 0.013522
 0.014179
 0.015708
 0.017395
 0.016666
 0.015533
 0.019834
 0.019727
 0.020210
 0.018466
 0.014414
 0.017358
 0.012886
 0.018510
 0.013650
 0.013066
 0.017007
 0.013514
 0.014232
 0.015513
 0.014696
 0.015893
 0.015860
 0.015616
 0.019590
 0.014011
 0.012926
 0.018945
 0.017298
 0.014716
 0.019757
 0.014864
 0.018801
 0.020047
 0.018923
 0.013942
 0.014575
 0.014917
 0.015797
 0.017800
 0.014736
 0.017621
 0.018647
 0.016452
 0.016460
 0.015500
 0.017349
 0.020265
 0.014957
 0.013717
 0.014354
 0.016346
 0.014704
 0.018457
 0.019107
 0.015114
 0.015275
 0.014736
 0.016396
 0.015999
 0.017445
 0.014191
 0.015824
 0.011920
 0.017169
 0.020002
 0.014334
 0.016362
 0.013892
 0.019258
 0.019065
 0.020069
 0.019353
 0.015356
 0.015611
 0.014418
 0.019745
 0.021261
 0.024346
 0.014878
 0.020154
 0.020452
 0.017525
 0.014816
 0.020063
 0.014798
 0.019830
 0.014024
 0.019671
 0.016509
 0.017118
 0.016783
 0.020452
 0.022754
 0.022108
 0.015739
 0.016126
 0.021226
 0.020616
 0.019707
 0.016576
 0.015253
 0.015600
 0.015998
 0.016254
 0.019517
 0.016118
 0.017011
 0.015191
 0.018718
 0.018886
 0.020524
 0.020113
 0.019721
 0.019668
 0.017160
 0.015345
 0.020004
 0.015605
 0.020677
 0.019255
 0.016525
 0.020164
 0.020748
 0.017401
 0.019046
 0.016362
 0.011681
 0.011769
 0.014471
 0.014975
 0.014555
 0.015311
 0.016224
 0.016952
 0.015960
 0.018431
 0.013508
 0.018055
 0.018159
 0.013512
 0.013118
 0.013513
 0.016782
 0.013619
 0.013886
 0.014093
 0.014831
 0.018264
 0.018318
 0.015083
 0.013596
 0.012632
 0.015151
 0.014464
 0.015991
 0.020071
 0.015602
 0.017043
 0.017216
 0.014134
 0.014951
 0.013014
 0.016007
 0.012503
 0.013282
 0.020115
 0.017602
 0.018516
 0.014780
 0.012749
 0.013869
 0.018217
 0.014174
 0.018032
 0.016189
 0.016588
 0.012761
 0.016581
 0.017057
 0.018253
 0.014781
 0.013682
 0.014580
 0.015446
 0.016038
 0.018626
 0.015569
 0.018623
 0.014853
 0.014033
 0.019025
 0.015506
 0.015825
 0.018810
 0.016102
 0.018636
 0.019332
 0.013967
 0.014752
 0.015108
 0.018852
 0.013379
 0.015777
 0.015367
 0.014925
 0.014417
 0.018272
 0.016268
 0.016360
 0.014121
 0.016743
 0.015506
 0.017342
 0.015425
 0.016099
 0.017022
 0.016485
 0.015130
 0.018670
 0.019708
 0.018897
 0.018694
 0.016817
 0.014740
 0.014149
 0.017527
 0.013301
 0.020614
 0.018525
 0.017812
 0.019591
 0.013636
 0.015331
 0.015081
 0.013604
 0.018248
 0.016770
 0.014662
 0.014689
 0.018214
 0.017947
 0.014996
 0.018062
 0.017635
 0.017944
 0.013341
 0.014785
 0.011841
 0.021425
 0.018804
 0.017071
 0.015627
 0.019903
 0.019264
 0.019098
 0.015071
 0.014667
 0.016024
 0.019564
 0.016410
 0.018243
 0.015375
 0.014633
 0.016070
 0.014895
 0.017773
 0.017036
 0.016516
 0.014919
 0.014880
 0.016117
 0.018771
 0.014816
 0.019588
 0.014553
 0.018724
 0.014471
 0.016151
 0.013181
 0.011866
 0.013796
 0.014819
 0.018948
 0.017502
 0.014480
 0.018650
 0.015126
 0.019334
 0.019213
 0.014354
 0.015317
 0.016103
 0.019301
 0.019265
 0.015588
 0.019104
 0.015767
 0.014465
 0.013347
 0.013451
 0.017070
 0.018730
 0.013930
 0.015890
 0.014894
 0.014285
 0.013288
 0.014533
 0.016549
 0.014781
 0.015179
 0.014355
 0.015309
 0.015442
 0.015641
 0.013583
 0.018203
 0.015261
 0.014254
 0.015436
 0.016286
 0.015134
 0.018869
 0.013556
 0.013102
 0.016089
 0.017551
 0.017795
 0.011981
 0.016274
 0.014476
 0.015493
 0.014687
 0.015093
 0.017971
 0.015056
 0.017356
 0.014968
 0.018140
 0.016109
 0.019929
 0.014661
 0.014729
 0.015160
 0.015708
 0.017934
 0.019467
 0.012884
 0.017054
 0.016884
 0.015672
 0.018277
 0.017381
 0.015026
 0.014514
 0.015694
 0.017357
 0.015322
 0.016934
 0.014177
 0.015460
 0.014123
 0.016969
 0.015988
 0.013639
 0.015385
 0.014508
 0.018368
 0.016524
 0.014917
 0.014819
 0.019391
 0.016358
 0.018846
 0.017789
 0.014111
 0.015426
 0.018077
 0.019922
 0.015434
 0.012674
 0.018855
 0.013909
 0.014730
 0.015461
 0.016691
 0.018294
 0.015508
 0.015599
 0.016084
 0.015165
 0.014929
 0.015050
 0.014916
 0.013867
 0.013272
 0.018813
 0.015687
 0.013043
 0.013214
 0.014580
 0.017332
 0.015486
 0.018651
 0.014798
 0.017397
 0.015368
 0.018115
 0.016510
 0.017491
 0.014190
 0.011786
 0.014740
 0.013775
 0.017321
 0.013395
 0.018200
 0.011922
 0.017681
 0.014901
 0.013719
 0.017284
 0.013742
 0.017352
 0.012254
 0.017432
 0.012999
 0.011548
 0.016704
 0.014401
 0.019706
 0.012242
 0.015069
 0.019308
 0.012669
 0.014048
 0.013133
 0.015113
 0.013660
 0.015398
 0.013784
 0.018163
 0.018239
 0.017837
 0.014173
 0.015536
 0.019245
 0.014714
 0.016041
 0.016191
 0.014031
 0.013711
 0.017890
 0.017612
 0.014272
 0.015904
 0.011619
 0.012383
 0.012806
 0.017584
 0.013185
 0.012123
 0.023965
 0.012986
 0.013643
 0.011841
 0.017634
 0.011961
 0.014736
 0.015526
 0.015931
 0.023260
 0.015198
 0.019569
 0.019581
 0.017878
 0.019110
 0.020162
 0.020135
 0.016921
 0.016801
 0.016495
 0.016141
 0.016497
 0.015832
 0.014953
 0.013804
 0.020639
 0.022134
 0.016443
 0.019545
 0.019372
 0.015381
 0.017441
 0.015045
 0.018954
 0.016576
 0.020874
 0.019180
 0.014445
 0.015826
 0.016527
 0.015424
 0.017076
 0.016994
 0.015726
 0.014611
 0.016565
 0.016646
 0.017786
 0.017694
 0.014379
 0.013630
 0.017263
 0.017545
 0.015026
 0.013256
 0.015996
 0.013669
 0.015506
 0.021299
 0.014520
 0.014308
 0.014173
 0.014729
 0.019365
 0.013269
 0.016153
 0.019030
 0.014862
 0.015794
 0.015604
 0.022069
 0.018313
 0.014536
 0.018343
 0.012224
 0.012984
 0.013290
 0.013761
 0.012587
 0.015399
 0.014181
 0.014572
 0.017411
 0.019667
 0.015750
 0.017650
 0.016614
 0.012984
 0.012557
 0.015804
 0.015499
 0.017650
 0.017788
 0.014753
 0.012825
 0.013552
 0.017222
 0.016669
 0.018003
 0.018712
 0.019654
 0.015232
 0.020170
 0.017333
 0.016298
 0.018865
 0.015936
 0.014839
 0.013871
 0.018630
 0.013522
 0.015185
 0.015390
 0.015963
 0.013676
 0.018365
 0.018117
 0.014318
 0.017874
 0.013491
 0.014190
 0.014574
 0.017256
 0.014498
 0.018121
 0.014496
 0.017547
 0.016763
 0.017328
 0.013864
 0.014506
 0.012670
 0.016272
 0.014691
 0.012603
 0.017717
 0.014063
 0.012563
 0.012853
 0.011009
 0.015644
 0.012844
 0.019768
 0.019962
 0.016523
 0.015305
 0.020217
 0.014597
 0.014713
 0.020300
 0.014379
 0.015591
 0.014594
 0.019641
 0.018182
 0.019352
 0.014833
 0.014833
 0.012929
 0.019359
 0.022143
 0.018486
 0.014782
 0.019120
 0.016582
 0.014782
 0.015944
 0.013798
 0.015101
 0.014618
 0.019406
 0.020595
 0.013960
 0.016382
 0.014940
 0.019637
 0.017660
 0.015217
 0.019991
 0.019642
 0.014344
 0.014517
 0.016071
 0.017431
 0.018005
 0.018334
 0.019227
 0.020408
 0.015039
 0.015268
 0.018368
 0.019652
 0.019962
 0.019503
 0.019929
 0.018586
 0.020113
 0.016918
 0.018472
 0.025058
 0.019506
 0.020239
 0.019438
 0.019564
 0.018416
 0.015948
 0.015963
 0.015366
 0.014787
 0.014782
 0.012086
 0.013594
 0.017881
 0.018027
 0.014147
 0.012760
 0.014456
 0.017983
 0.012004
 0.013136
 0.016887
 0.015975
 0.012849
 0.013089
 0.014916
 0.018785
 0.016923
 0.015069
 0.014005
 0.019873
 0.016916
 0.014207
 0.014451
 0.019999
 0.019773
 0.015423
 0.016942
 0.014505
 0.015989
 0.018508
 0.018368
 0.019313
 0.017742
 0.015276
 0.015209
 0.016827
 0.016398
 0.018655
 0.020085
 0.015620
 0.015270
 0.017322
 0.016281
 0.013386
 0.013532
 0.012683
 0.017477
 0.017546
 0.016532
 0.015360
 0.012172
 0.021059
 0.013726
 0.016907
 0.011515
 0.012488
 0.015070
 0.013380
 0.014075
 0.018221
 0.016123
 0.017263
 0.019733
 0.019323
 0.014065
 0.019639
 0.015174
 0.019271
 0.016930
 0.021428
 0.013804
 0.015094
 0.018490
 0.016100
 0.019124
 0.017391
 0.015580
 0.016879
 0.015474
 0.015541
 0.016506
 0.019208
 0.018356
 0.015528
 0.012760
 0.018662
 0.019936
 0.013767
 0.015827
 0.013295
 0.016249
 0.013346
 0.015902
 0.020289
 0.016401
 0.013191
 0.014086
 0.015268
 0.017589
 0.015119
 0.016346
 0.017623
 0.018590
 0.014829
 0.013903
 0.014711
 0.012954
 0.018024
 0.019053
 0.017219
 0.013733
 0.015318
 0.018790
 0.014327
 0.019434
 0.013588
 0.013129
 0.013451
 0.012674
 0.012496
 0.014809
 0.013527
 0.017803
 0.012501
 0.012742
 0.012180
 0.014288
 0.014356
 0.014337
 0.014525
 0.014289
 0.014936
 0.013568
 0.016099
 0.014408
 0.012732
 0.016067
 0.014320
 0.015390
 0.013692
 0.012965
 0.016981
 0.016857
 0.010686
 0.010312
 0.014777
 0.012228
 0.015930
 0.010838
 0.011209
 0.011164
 0.010977
 0.016138
 0.011676
 0.015568
 0.015547
 0.015485
 0.010606
 0.011564
 0.010808
 0.010784
 0.016001
 0.019118
 0.016569
 0.011690
 0.016969
 0.014564
 0.011730
 0.016866
 0.020718
 0.015709
 0.013697
 0.016754
 0.010745
 0.012755
 0.010056
 0.021179
 0.014178
 0.011866
 0.015764
 0.012684
 0.014812
 0.015277
 0.014216
 0.015778
 0.015850
 0.011598
 0.012085
 0.013600
 0.010343
 0.014692
 0.014023
 0.012157
 0.015072
 0.014386
 0.010985
 0.014091
 0.013514
 0.017189
 0.013916
 0.014214
 0.012823
 0.014662
 0.014298
 0.018427
 0.015420
 0.014597
 0.013997
 0.014552
 0.016210
 0.014644
 0.015269
 0.011660
 0.013486
 0.016040
 0.014467
 0.009135
 0.011155
 0.010595
 0.010580
 0.015598
 0.012271
 0.013991
 0.008597
 0.014881
 0.010632
 0.023232
 0.018185
 0.013283
 0.016620
 0.017847
 0.018229
 0.014151
 0.018025
 0.017878
 0.011990
 0.018476
 0.018602
 0.014787
 0.017794
 0.013395
 0.013626
 0.013220
 0.016338
 0.014065
 0.019430
 0.015112
 0.016773
 0.014572
 0.015502
 0.018442
 0.014183
 0.016692
 0.012061
 0.012949
 0.014159
 0.016834
 0.013583
 0.014376
 0.014835
 0.015722
 0.017386
 0.013199
 0.012740
 0.015277
 0.013120
 0.020595
 0.020243
 0.015808
 0.015834
 0.013297
 0.017904
 0.013525
 0.015893
 0.011592
 0.011622
 0.014808
 0.017254
 0.018012
 0.014330
 0.013554
 0.018646
 0.013039
 0.013502
 0.018431
 0.018285
 0.013693
 0.012662
 0.017158
 0.013170
 0.018507
 0.014641
 0.014857
 0.013604
 0.014469
 0.016807
 0.020335
 0.016487
 0.014331
 0.018977
 0.016582
 0.016387
 0.014362
 0.014424
 0.015065
 0.014633
 0.016323
 0.017659
 0.013149
 0.015167
 0.012689
 0.014986
 0.013627
 0.017648
 0.017381
 0.017001
 0.015151
 0.014603
 0.016550
 0.019187
 0.018785
 0.018015
 0.020331
 0.016404
 0.017461
 0.016401
 0.020188
 0.015126
 0.016069
 0.015994
 0.019776
 0.018535
 0.014942
 0.015149
 0.014729
 0.015288
 0.014537
 0.016106
 0.016776
 0.019243
 0.016158
 0.019431
 0.016138
 0.015595
 0.017942
 0.015086
 0.016541
 0.018929
 0.019525
 0.020400
 0.019420
 0.018077
 0.016648
 0.014776
 0.017280
 0.017151
 0.019989
 0.016095
 0.018423
 0.017739
 0.017227
 0.020364
 0.019088
 0.016406
 0.023026
 0.017025
 0.016151
 0.020419
 0.015879
 0.021049
 0.017103
 0.017646
 0.015748
 0.016694
 0.015244
 0.020725
 0.015588
 0.017462
 0.017045
 0.022089
 0.015181
 0.018195
 0.017197
 0.019818
 0.013461
 0.018661
 0.013515
 0.018423
 0.023024
 0.015212
 0.015899
 0.020435
 0.018421
 0.012769
 0.019279
 0.017245
 0.013050
 0.020583
 0.013879
 0.016115
 0.020723
 0.017051
 0.016557
 0.013150
 0.012065
 0.011044
 0.009985
 0.014837
 0.011449
 0.026729
 0.018707
 0.012294
 0.016139
 0.011975
 0.015289
 0.012319
 0.029103
 0.019058
 0.011491
 0.012686
 0.017410
 0.016599
 0.013194
 0.017536
 0.016634
 0.016609
 0.018704
 0.012679
 0.013237
 0.026767
 0.016487
 0.012642
 0.015763
 0.015123
 0.016209
 0.017641
 0.012998
 0.012933
 0.012041
 0.012841
 0.016024
 0.013263
 0.020239
 0.011257
 0.012219
 0.014108
 0.018074
 0.015420
 0.015127
 0.017458
 0.013604
 0.014559
 0.017431
 0.020657
 0.015262
 0.018856
 0.018321
 0.016902
 0.014543
 0.017178
 0.018431
 0.013835
 0.013067
 0.014538
 0.013279
 0.022676
 0.014239
 0.013140
 0.017364
 0.012841
 0.012511
 0.018796
 0.011932
 0.017431
 0.012666
 0.016352
 0.015451
 0.011136
 0.012260
 0.010001
 0.010932
 0.016315
 0.015088
 0.009491
 0.008963
 0.011085
 0.017692
 0.009868
 0.012229
 0.016795
 0.013901
 0.013662
 0.016398
 0.014888
 0.011649
 0.016475
 0.010394
 0.014474
 0.012724
 0.013404
 0.010150
 0.010660
 0.015496
 0.010618
 0.015948
 0.015349
 0.015178
 0.012161
 0.013645
 0.015808
 0.012472
 0.012675
 0.016842
 0.015569
 0.011753
 0.013977
 0.015245
 0.012447
 0.012204
 0.012362
 0.016612
 0.011626
 0.010386
 0.011537
 0.015827
 0.013793
 0.011425
 0.015337
 0.012775
 0.046291
 0.004270
 0.013772
 0.009084
 0.010492
 0.008227
 0.011878
 0.066725
 0.008134
 0.013010
 0.016952
 0.010066
 0.014681
 0.010626
 0.015008
 0.009736
 0.014558
 0.013400
 0.014712
 0.007939
 0.020095
 0.009848
 0.012097
 0.021074
 0.011947
 0.012105
 0.015204
 0.011393
 0.010330
 0.013146
 0.015204
 0.015473
 0.017475
 0.012144
 0.014316
 0.028883
 0.017511
 0.014806
 0.015930
 0.009956
 0.011390
 0.009488
 0.011384
 0.011649
 0.016586
 0.013478
 0.012303
 0.010807
 0.010725
 0.011903
 0.026100
 0.011355
 0.014211
 0.011673
 0.014676
 0.010415
 0.010541
 0.010956
 0.011689
 0.009398
 0.012803
 0.011026
 0.009711
 0.012408
 0.010056
 0.014415
 0.010977
 0.014306
 0.014432
 0.021675
 0.015243
 0.014279
 0.016069
 0.014968
 0.015870
 0.013180
 0.009966
 0.014700
 0.014308
 0.010797
 0.013138
 0.011181
 0.018782
 0.018927
 0.015544
 0.011106
 0.015527
 0.009702
 0.015069
 0.015290
 0.010565
 0.018159
 0.018734
 0.015393
 0.013978
 0.015212
 0.010577
 0.018141
 0.010260
 0.012879
 0.010121
 0.015719
 0.015298
 0.013261
 0.011029
 0.014992
 0.015160
 0.014970
 0.014991
 0.013423
 0.017987
 0.014084
 0.013468
 0.014408
 0.014029
 0.013884
 0.014956
 0.015283
 0.012196
 0.014540
 0.015574
 0.007610
 0.014664
 0.016616
 0.010925
 0.014310
 0.017859
 0.076309
 0.007326
 0.015494
 0.014281
 0.012991
 0.010607
 0.008446
 0.013382
 0.013880
 0.014338
 0.013500
 0.014006
 0.009796
 0.015604
 0.014444
 0.014083
 0.016671
 0.014267
 0.014487
 0.012779
 0.010492
 0.014583
 0.013990
 0.015505
 0.015358
 0.015248
 0.014639
 0.013366
 0.012917
 0.011203
 0.013696
 0.013702
 0.014783
 0.014784
 0.013783
 0.008259
 0.012130
 0.011571
 0.012754
 0.007217
 0.006814
 0.007504
 0.007772
 0.011571
 0.007972
 0.012089
 0.012144
 0.012334
 0.011755
 0.011330
 0.011841
 0.009481
 0.010659
 0.006399
 0.010905
 0.013976
 0.014335
 0.015014
 0.010928
 0.012122
 0.028266
 0.014395
 0.009859
 0.014130
 0.009133
 0.013850
 0.013930
 0.010426
 0.015602
 0.011061
 0.010325
 0.012549
 0.010180
 0.014724
 0.011078
 0.011197
 0.012599
 0.010547
 0.012465
 0.012403
 0.014606
 0.010210
 0.010831
 0.012813
 0.015799
 0.013619
 0.013117
 0.014794
 0.013611
 0.021211
 0.010836
 0.014915
 0.014180
 0.010571
 0.011235
 0.011737
 0.009451
 0.015085
 0.011241
 0.012758
 0.010990
 0.011013
 0.015201
 0.014373
 0.011443
 0.021310
 0.014998
 0.013686
 0.012273
 0.015191
 0.014834
 0.008971
 0.013969
 0.014312
 0.011688
 0.013862
 0.014283
 0.007897
 0.014039
 0.009670
 0.061447
 0.006192
 0.016397
 0.014987
 0.012487
 0.014206
 0.015656
 0.011716
 0.010740
 0.013622
 0.007947
 0.013766
 0.010349
 0.015235
 0.010057
 0.010165
 0.006526
 0.010613
3017 frames decoded in toal.
