Configure resampler: libSwResample
 0.012692
 0.031177
 0.026062
 0.013958
 0.022627
 0.007685
 0.006745
 0.007188
 0.010842
 0.005646
 0.012212
 0.014525
 0.004579
 0.008122
 0.010896
 0.010030
 0.010220
 0.012171
 0.011499
 0.014032
 0.010030
 0.007402
 0.009901
 0.009730
 0.011474
 0.011914
 0.008210
 0.007104
 0.011136
 0.014262
 0.010631
 0.014383
 0.013835
 0.012634
 0.015103
 0.014471
 0.017651
 0.016577
 0.017078
 0.017984
 0.021524
 0.019878
 0.021017
 0.019599
 0.016892
 0.017324
 0.017178
 0.014046
 0.016811
 0.016305
 0.016096
 0.012076
 0.016862
 0.018474
 0.019020
 0.016815
 0.022605
 0.013854
 0.021616
 0.020102
 0.021383
 0.019018
 0.015083
 0.018624
 0.018748
 0.020040
 0.018499
 0.019555
 0.020072
 0.018961
 0.022075
 0.019657
 0.030139
 0.016716
 0.021833
 0.018780
 0.019306
 0.020786
 0.017439
 0.016383
 0.016050
 0.017554
 0.012363
 0.017423
 0.015662
 0.012630
 0.022699
 0.015796
 0.008235
 0.017582
 0.016326
 0.017097
 0.016570
 0.012559
 0.017702
 0.012935
 0.015194
 0.018394
 0.018371
 0.021546
 0.009099
 0.019361
 0.013452
 0.017943
 0.017156
 0.016132
 0.012797
 0.011488
 0.021735
 0.015848
 0.018883
 0.016601
 0.018257
 0.018171
 0.018788
 0.017814
 0.013816
 0.012690
 0.017885
 0.013608
 0.014173
 0.018329
 0.017273
 0.013711
 0.013140
 0.013928
 0.013254
 0.013030
 0.016886
 0.016058
 0.017074
 0.017675
 0.014415
 0.026907
 0.018372
 0.012363
 0.014298
 0.018211
 0.012497
 0.017467
 0.013590
 0.017010
 0.016739
 0.016990
 0.013145
 0.014671
 0.016816
 0.024142
 0.015522
 0.017003
 0.015157
 0.011837
 0.016919
 0.017126
 0.015366
 0.016187
 0.012109
 0.015307
 0.011523
 0.011428
 0.011999
 0.015139
 0.011005
 0.016624
 0.016552
 0.015277
 0.010109
 0.024577
 0.012704
 0.020631
 0.016041
 0.020236
 0.019236
 0.012803
 0.012448
 0.016508
 0.015911
 0.016592
 0.012019
 0.015588
 0.012956
 0.015476
 0.015381
 0.014430
 0.014217
 0.015780
 0.013408
 0.013985
 0.013562
 0.017236
 0.013106
 0.013524
 0.018132
 0.015285
 0.015705
 0.014847
 0.014448
 0.017122
 0.016067
 0.012096
 0.020182
 0.012117
 0.016856
 0.016957
 0.017235
 0.017430
 0.017516
 0.014706
 0.012694
 0.020112
 0.016110
 0.016690
 0.019909
 0.022296
 0.025260
 0.020979
 0.020917
 0.028356
 0.018967
 0.025544
 0.014749
 0.018072
 0.017892
 0.015122
 0.018310
 0.020905
 0.016415
 0.025300
 0.026848
 0.018343
 0.019405
 0.019096
 0.024083
 0.014489
 0.020244
 0.015392
 0.018256
 0.013866
 0.012634
 0.019128
 0.023499
 0.015342
 0.019005
 0.016802
 0.013338
 0.013135
 0.017017
 0.014250
 0.021062
 0.015108
 0.019109
 0.013862
 0.013461
 0.014684
 0.017586
 0.017926
 0.018059
 0.022568
 0.015098
 0.017492
 0.013980
 0.014945
 0.012701
 0.012624
 0.019363
 0.017591
 0.017764
 0.013274
 0.017430
 0.015868
 0.012518
 0.019248
 0.017745
 0.016949
 0.014966
 0.016037
 0.015312
 0.013287
 0.018383
 0.013681
 0.013125
 0.016232
 0.015157
 0.014189
 0.023899
 0.018465
 0.014939
 0.017091
 0.014214
 0.014821
 0.019521
 0.014717
 0.016440
 0.014299
 0.012294
 0.014017
 0.012850
 0.014927
 0.013712
 0.016774
 0.014582
 0.012492
 0.022108
 0.020298
 0.019827
 0.018219
 0.019481
 0.022972
 0.016868
 0.019563
 0.013672
 0.011183
 0.017714
 0.016711
 0.018063
 0.014786
 0.015944
 0.015229
 0.018977
 0.017180
 0.015724
 0.015716
 0.015588
 0.018090
 0.018281
 0.012593
 0.011571
 0.017448
 0.013022
 0.011146
 0.014880
 0.017198
 0.011273
 0.014315
 0.010870
 0.014993
 0.014853
 0.013121
 0.009807
 0.018844
 0.016019
 0.016213
 0.015193
 0.018217
 0.017590
 0.016815
 0.019291
 0.013673
 0.017852
 0.015556
 0.021913
 0.015788
 0.015948
 0.018445
 0.017351
 0.017519
 0.018676
 0.017696
 0.018470
 0.021237
 0.021319
 0.018216
 0.018661
 0.018520
 0.020559
 0.019188
 0.019120
 0.016151
 0.013793
 0.019602
 0.014463
 0.016905
 0.011668
 0.016051
 0.014110
 0.012877
 0.012205
 0.017563
 0.016325
 0.017295
 0.018901
 0.018675
 0.018485
 0.017716
 0.020141
 0.017470
 0.016393
 0.022639
 0.016761
 0.016092
 0.015995
 0.015804
 0.014443
 0.014156
 0.010553
 0.018582
 0.015571
 0.019351
 0.017098
 0.021820
 0.020006
 0.022292
 0.018542
 0.017441
 0.017001
 0.022178
 0.015770
 0.011166
 0.018098
 0.019611
 0.015765
 0.017168
 0.015435
 0.014098
 0.018926
 0.014543
 0.018960
 0.014927
 0.012216
 0.014950
 0.015319
 0.014094
 0.011662
 0.012425
 0.014982
 0.013609
 0.014721
 0.011944
 0.013405
 0.011684
 0.012133
 0.019516
 0.019075
 0.014656
 0.017477
 0.017711
 0.015628
 0.015076
 0.018054
 0.019895
 0.015035
 0.019217
 0.020041
 0.017746
 0.016995
 0.017020
 0.014842
 0.018978
 0.015042
 0.019742
 0.018155
 0.017766
 0.014780
 0.015608
 0.020761
 0.011796
 0.012495
 0.015495
 0.011577
 0.013427
 0.012428
 0.011103
 0.010985
 0.010785
 0.019793
 0.012605
 0.012782
 0.013545
 0.015461
 0.015518
 0.015645
 0.018751
 0.019317
 0.018542
 0.014992
 0.017129
 0.021954
 0.011804
 0.011659
 0.024314
 0.016755
 0.014169
 0.019692
 0.013397
 0.018774
 0.015968
 0.016022
 0.015907
 0.013010
 0.012795
 0.018567
 0.017768
 0.016488
 0.020348
 0.018356
 0.019953
 0.033736
 0.023672
 0.028491
 0.022985
 0.023477
 0.022019
 0.029128
 0.022823
 0.034016
 0.024657
 0.032866
 0.025884
 0.038180
 0.015177
 0.018844
 0.016987
 0.014382
 0.017527
 0.014136
 0.010839
 0.020920
 0.020105
 0.021841
 0.016432
 0.019151
 0.017206
 0.017068
 0.016095
 0.016870
 0.014187
 0.015145
 0.011205
 0.010555
 0.015870
 0.013939
 0.011824
 0.011047
 0.010439
 0.014713
 0.009828
 0.011093
 0.013100
 0.013499
 0.008278
 0.019151
 0.018077
 0.019176
 0.019083
 0.019850
 0.017374
 0.016618
 0.015059
 0.019258
 0.019757
 0.019621
 0.018629
 0.016690
 0.019090
 0.019390
 0.012525
 0.018889
 0.013028
 0.019262
 0.017569
 0.016810
 0.019716
 0.016597
 0.024231
 0.015733
 0.015046
 0.015243
 0.011821
 0.017708
 0.015434
 0.016680
 0.015868
 0.011034
 0.011840
 0.016073
 0.011224
 0.016487
 0.017712
 0.015987
 0.016852
 0.021947
 0.024435
 0.012432
 0.021630
 0.018846
 0.018817
 0.012613
 0.017477
 0.014981
 0.023129
 0.019357
 0.021475
 0.018371
 0.017593
 0.018093
 0.019921
 0.018605
 0.016646
 0.017269
 0.018798
 0.016236
 0.017418
 0.016669
 0.016356
 0.017700
 0.016768
 0.018715
 0.016153
 0.015168
 0.020234
 0.013236
 0.019636
 0.017092
 0.021457
 0.018851
 0.015407
 0.018738
 0.018904
 0.019091
 0.019820
 0.017348
 0.013132
 0.013428
 0.019430
 0.015535
 0.015570
 0.018649
 0.021852
 0.019049
 0.014121
 0.026108
 0.015426
 0.016810
 0.016823
 0.014543
 0.018557
 0.012897
 0.018059
 0.018444
 0.019279
 0.018793
 0.018864
 0.018788
 0.022006
 0.018694
 0.018369
 0.019324
 0.018780
 0.022268
 0.019799
 0.015125
 0.014708
 0.013796
 0.019637
 0.018291
 0.016718
 0.018219
 0.017537
 0.017422
 0.020992
 0.014055
 0.014615
 0.013991
 0.016426
 0.019052
 0.016370
 0.018763
 0.017138
 0.018608
 0.019439
 0.015696
 0.018577
 0.017550
 0.021429
 0.019678
 0.016767
 0.015807
 0.016760
 0.014890
 0.018004
 0.019759
 0.017344
 0.020663
 0.016704
 0.020735
 0.018954
 0.017035
 0.019014
 0.020071
 0.019458
 0.017588
 0.017914
 0.014426
 0.014382
 0.017746
 0.016955
 0.022369
 0.007526
 0.011981
 0.012184
 0.011491
 0.006863
 0.006920
 0.007668
 0.008264
 0.007294
 0.007046
 0.006716
 0.010175
 0.010865
 0.007632
 0.006420
 0.007038
 0.010851
 0.008901
 0.006849
 0.010030
 0.010614
 0.006958
 0.011572
 0.011143
 0.010498
 0.009934
 0.007407
 0.014520
 0.013793
 0.008126
 0.011104
 0.014993
 0.008029
 0.013001
 0.011432
 0.011948
 0.008134
 0.010637
 0.007579
 0.013932
 0.013845
 0.012967
 0.009258
 0.010618
 0.010594
 0.009951
 0.010306
 0.011697
 0.011102
 0.009937
 0.012311
 0.008162
 0.013425
 0.012120
 0.010752
 0.014059
 0.008101
 0.009132
 0.014207
 0.013197
 0.009225
 0.010497
 0.012039
 0.008216
 0.009981
 0.010209
 0.009677
 0.014158
 0.009613
 0.008328
 0.011392
 0.009733
 0.008407
 0.008921
 0.007860
 0.014693
 0.010977
 0.009768
 0.010123
 0.010944
 0.010506
 0.009312
 0.014491
 0.010961
 0.013156
 0.014684
 0.009541
 0.007868
 0.009661
 0.014834
 0.007985
 0.010354
 0.011199
 0.007512
 0.009560
 0.009441
 0.006616
 0.008326
 0.009894
 0.014843
 0.011205
 0.012125
 0.012277
 0.015476
 0.014694
 0.012093
 0.015374
 0.015283
 0.017697
 0.014021
 0.011890
 0.012437
 0.020875
 0.018652
 0.015652
 0.015301
 0.022716
 0.011086
 0.023918
 0.016250
 0.017139
 0.008730
 0.014832
 0.025985
 0.011964
 0.018908
 0.011536
 0.013846
 0.013326
 0.011325
 0.012941
 0.014945
 0.014947
 0.014711
 0.016140
 0.012990
 0.011080
 0.014633
 0.012933
 0.015149
 0.015042
 0.012144
 0.014312
 0.013001
 0.020499
 0.011007
 0.014015
 0.015666
 0.013878
 0.012294
 0.014891
 0.013942
 0.010550
 0.011072
 0.011608
 0.014208
 0.012059
 0.011204
 0.008364
 0.012699
 0.008212
 0.010129
 0.012112
 0.014421
 0.014175
 0.014760
 0.016900
 0.010263
 0.018688
 0.015027
 0.011622
 0.017633
 0.011351
 0.016127
 0.020483
 0.011647
 0.013978
 0.021450
 0.016378
 0.014399
 0.011476
 0.012650
 0.009239
 0.015296
 0.012129
 0.014442
 0.012596
 0.019873
 0.012390
 0.010135
 0.010582
 0.018529
 0.013120
 0.014084
 0.012603
 0.012394
 0.012434
 0.012831
 0.013431
 0.013454
 0.011369
 0.011628
 0.014486
 0.011853
 0.010298
 0.013484
 0.007555
 0.012692
 0.011488
 0.009639
 0.011587
 0.011436
 0.011086
 0.010255
 0.007530
 0.008159
 0.010703
 0.011371
 0.007978
 0.012714
 0.010130
 0.010987
 0.008415
 0.010810
 0.010515
 0.012053
 0.006792
 0.007121
 0.010486
 0.006539
 0.012946
 0.009426
 0.009288
 0.007626
 0.010519
 0.008651
 0.011842
 0.009992
 0.012893
 0.006897
 0.010802
 0.007791
 0.008946
 0.008747
 0.011203
 0.010631
 0.013176
 0.007985
 0.008051
 0.008550
 0.005592
 0.008768
 0.008180
 0.006956
 0.008940
952 frames decoded in toal.
