Configure resampler: libSwResample
 0.005535
 0.012897
 0.020810
 0.003768
 0.009662
 0.010706
 0.012629
 0.012732
 0.009288
 0.010046
 0.011586
 0.011390
 0.008947
 0.008077
 0.010738
 0.011384
 0.011380
 0.007265
 0.011651
 0.010782
 0.007969
 0.010625
 0.010737
 0.010466
 0.008389
 0.007170
 0.007087
 0.011400
 0.016405
 0.016812
 0.011074
 0.012947
 0.010370
 0.008783
 0.014898
 0.010117
 0.014798
 0.011027
 0.017615
 0.015673
 0.022924
 0.016453
 0.017353
 0.018514
 0.016306
 0.013974
 0.017287
 0.015636
 0.015909
 0.011623
 0.023279
 0.013653
 0.014597
 0.018105
 0.019411
 0.019750
 0.020513
 0.019369
 0.018276
 0.020278
 0.018572
 0.019427
 0.015457
 0.018984
 0.019410
 0.020019
 0.015551
 0.015488
 0.014565
 0.018577
 0.018598
 0.025712
 0.017572
 0.021775
 0.020424
 0.017581
 0.016658
 0.018009
 0.016017
 0.017831
 0.016203
 0.016121
 0.011854
 0.012059
 0.015632
 0.011601
 0.016820
 0.020246
 0.012176
 0.014120
 0.017698
 0.013527
 0.015797
 0.009644
 0.012656
 0.013409
 0.015081
 0.018204
 0.018089
 0.013667
 0.008601
 0.017462
 0.014046
 0.016874
 0.012781
 0.012051
 0.015528
 0.012514
 0.019495
 0.013976
 0.017341
 0.014331
 0.014380
 0.013242
 0.012486
 0.015142
 0.012824
 0.017835
 0.016612
 0.013029
 0.016102
 0.016048
 0.013354
 0.018201
 0.013679
 0.019805
 0.012531
 0.015638
 0.013612
 0.013350
 0.016133
 0.018536
 0.015152
 0.016592
 0.014404
 0.014528
 0.018299
 0.015197
 0.014714
 0.012825
 0.014979
 0.017028
 0.018160
 0.011751
 0.016350
 0.013909
 0.012920
 0.016867
 0.017806
 0.016976
 0.015158
 0.008927
 0.010449
 0.013584
 0.013599
 0.018065
 0.015412
 0.013252
 0.014962
 0.017644
 0.011571
 0.014841
 0.009837
 0.016948
 0.011334
 0.010886
 0.009335
 0.015593
 0.013321
 0.013394
 0.011219
 0.014910
 0.012150
 0.016722
 0.017129
 0.016845
 0.015752
 0.014877
 0.015325
 0.011504
 0.016573
 0.018535
 0.016661
 0.017498
 0.014779
 0.015514
 0.017034
 0.014429
 0.015092
 0.019686
 0.011397
 0.014675
 0.015303
 0.014057
 0.016737
 0.016388
 0.018155
 0.012355
 0.012214
 0.015110
 0.012294
 0.013511
 0.016283
 0.015467
 0.012607
 0.013927
 0.014524
 0.012687
 0.014839
 0.022392
 0.016133
 0.016410
 0.016004
 0.023326
 0.024327
 0.020438
 0.019840
 0.020290
 0.021885
 0.021118
 0.013242
 0.019549
 0.013223
 0.014987
 0.019401
 0.017755
 0.014239
 0.019168
 0.020799
 0.018546
 0.014702
 0.020221
 0.014370
 0.015969
 0.020370
 0.014666
 0.013708
 0.014826
 0.012735
 0.021042
 0.020650
 0.016633
 0.020542
 0.014602
 0.015333
 0.017788
 0.018365
 0.018625
 0.015531
 0.014912
 0.012657
 0.018307
 0.018037
 0.015667
 0.014793
 0.016066
 0.014860
 0.021249
 0.016496
 0.014114
 0.012956
 0.014043
 0.012172
 0.015374
 0.017336
 0.014255
 0.014201
 0.015343
 0.012911
 0.013882
 0.013550
 0.013391
 0.015250
 0.017751
 0.014606
 0.018171
 0.017842
 0.014162
 0.013597
 0.012253
 0.012553
 0.017823
 0.015152
 0.014574
 0.015593
 0.013782
 0.017675
 0.017062
 0.015969
 0.014002
 0.014441
 0.016277
 0.015731
 0.019262
 0.013591
 0.013277
 0.012011
 0.014459
 0.011420
 0.018306
 0.014068
 0.015325
 0.019067
 0.017120
 0.019628
 0.017468
 0.019192
 0.019728
 0.019012
 0.024111
 0.012517
 0.012174
 0.017977
 0.014961
 0.022066
 0.012072
 0.014897
 0.013970
 0.025455
 0.019170
 0.014123
 0.018844
 0.014541
 0.014771
 0.015870
 0.014156
 0.014743
 0.015343
 0.013507
 0.011218
 0.009863
 0.010915
 0.010321
 0.012810
 0.013312
 0.014615
 0.012154
 0.013759
 0.010231
 0.019799
 0.017670
 0.014211
 0.015706
 0.018092
 0.016339
 0.018690
 0.020477
 0.015503
 0.016559
 0.016190
 0.019495
 0.017784
 0.016972
 0.016701
 0.017180
 0.020109
 0.019524
 0.018352
 0.015387
 0.020767
 0.024632
 0.021371
 0.017817
 0.018739
 0.016549
 0.017227
 0.017321
 0.017268
 0.014288
 0.021243
 0.015154
 0.013331
 0.013978
 0.017301
 0.015692
 0.016093
 0.017364
 0.017845
 0.013681
 0.018185
 0.015582
 0.018925
 0.016217
 0.017963
 0.020465
 0.021724
 0.020852
 0.017532
 0.015308
 0.018959
 0.013288
 0.016061
 0.011979
 0.011930
 0.013135
 0.014448
 0.016518
 0.020259
 0.020813
 0.020388
 0.020685
 0.016545
 0.017360
 0.022810
 0.019668
 0.022180
 0.013294
 0.015714
 0.017893
 0.014146
 0.019744
 0.015165
 0.017967
 0.021118
 0.017349
 0.019249
 0.016567
 0.014621
 0.013418
 0.012943
 0.011406
 0.011416
 0.012736
 0.015915
 0.012903
 0.012943
 0.012406
 0.015579
 0.012544
 0.013036
 0.011386
 0.016635
 0.020398
 0.023001
 0.018727
 0.013755
 0.020305
 0.015347
 0.018876
 0.021182
 0.015584
 0.017934
 0.017605
 0.021177
 0.019750
 0.016053
 0.015781
 0.013130
 0.014870
 0.020606
 0.013876
 0.017821
 0.015587
 0.013211
 0.014620
 0.014225
 0.012257
 0.015309
 0.014425
 0.015680
 0.011865
 0.012613
 0.011285
 0.011181
 0.024209
 0.012386
 0.013499
 0.013989
 0.015663
 0.019339
 0.019956
 0.016399
 0.019460
 0.015818
 0.016543
 0.012711
 0.022048
 0.012278
 0.011716
 0.026033
 0.013579
 0.012396
 0.017142
 0.012785
 0.015078
 0.013143
 0.016659
 0.014769
 0.016663
 0.018181
 0.017520
 0.018664
 0.018722
 0.017562
 0.019317
 0.017713
 0.019590
 0.017752
 0.021502
 0.016619
 0.023378
 0.018165
 0.022356
 0.017717
 0.020788
 0.016958
 0.018146
 0.017681
 0.019241
 0.016208
 0.023681
 0.018443
 0.016401
 0.018670
 0.013891
 0.011448
 0.015643
 0.016623
 0.016322
 0.021623
 0.018908
 0.016729
 0.017890
 0.017248
 0.022083
 0.015519
 0.019829
 0.011414
 0.011567
 0.013849
 0.011279
 0.013977
 0.010269
 0.010485
 0.012786
 0.013001
 0.009516
 0.009448
 0.011129
 0.013206
 0.018436
 0.016995
 0.014578
 0.017926
 0.019453
 0.015533
 0.016770
 0.014133
 0.015955
 0.015366
 0.019321
 0.012651
 0.013209
 0.015195
 0.016312
 0.012531
 0.015222
 0.013569
 0.015813
 0.015163
 0.013483
 0.014402
 0.015277
 0.016352
 0.022083
 0.010542
 0.011387
 0.015696
 0.015495
 0.010861
 0.014927
 0.021244
 0.012382
 0.016459
 0.014985
 0.011149
 0.012174
 0.016297
 0.016480
 0.013518
 0.014102
 0.025787
 0.018663
 0.020571
 0.018589
 0.015781
 0.015562
 0.017855
 0.020072
 0.018013
 0.016298
 0.021059
 0.014592
 0.014865
 0.018893
 0.014033
 0.017777
 0.014561
 0.013891
 0.015179
 0.012607
 0.013650
 0.012710
 0.016957
 0.016576
 0.015419
 0.013855
 0.013024
 0.019191
 0.014711
 0.014593
 0.018228
 0.017385
 0.016478
 0.016196
 0.014422
 0.017732
 0.018197
 0.014657
 0.016498
 0.014137
 0.014163
 0.015542
 0.018722
 0.017308
 0.015629
 0.017267
 0.019067
 0.018947
 0.015554
 0.021408
 0.009691
 0.013174
 0.015098
 0.017062
 0.017774
 0.018006
 0.014839
 0.015277
 0.018152
 0.016244
 0.015581
 0.016154
 0.018938
 0.017929
 0.013812
 0.014358
 0.015215
 0.024522
 0.015442
 0.018790
 0.015647
 0.015667
 0.013712
 0.013276
 0.015081
 0.017220
 0.014444
 0.014717
 0.019327
 0.013701
 0.014571
 0.018333
 0.018025
 0.019504
 0.015204
 0.014390
 0.020063
 0.017018
 0.013952
 0.014264
 0.014822
 0.020795
 0.020887
 0.019708
 0.016159
 0.015794
 0.014637
 0.019372
 0.017086
 0.016008
 0.019391
 0.015408
 0.016560
 0.020076
 0.014580
 0.016669
 0.015080
 0.018903
 0.013859
 0.020747
 0.014077
 0.014974
 0.018913
 0.019625
 0.017096
 0.017046
 0.005728
 0.008409
 0.011020
 0.014143
 0.007432
 0.008309
 0.007906
 0.008292
 0.011960
 0.007410
 0.007547
 0.009504
 0.008400
 0.006518
 0.011186
 0.011377
 0.014745
 0.007720
 0.008473
 0.013052
 0.012255
 0.011645
 0.006630
 0.007402
 0.012302
 0.014301
 0.008870
 0.009161
 0.014125
 0.011357
 0.010706
 0.010665
 0.007071
 0.013385
 0.010545
 0.012175
 0.009604
 0.014425
 0.008633
 0.009495
 0.013618
 0.008271
 0.009742
 0.011683
 0.007641
 0.010055
 0.009833
 0.012471
 0.012394
 0.013327
 0.008393
 0.008925
 0.009234
 0.009713
 0.008561
 0.008962
 0.008613
 0.012793
 0.014082
 0.007700
 0.012083
 0.010135
 0.009202
 0.008760
 0.009813
 0.010905
 0.011630
 0.009342
 0.014644
 0.009483
 0.010464
 0.014054
 0.009225
 0.013369
 0.008869
 0.013409
 0.014196
 0.007304
 0.008488
 0.018021
 0.013492
 0.010985
 0.014072
 0.010869
 0.008870
 0.011481
 0.009301
 0.008155
 0.009265
 0.009735
 0.008151
 0.014575
 0.015662
 0.010646
 0.010646
 0.013507
 0.011967
 0.007842
 0.010515
 0.010112
 0.015612
 0.014091
 0.011795
 0.011567
 0.012927
 0.015157
 0.015095
 0.017770
 0.018098
 0.014714
 0.011557
 0.012514
 0.016991
 0.021476
 0.016709
 0.015591
 0.023165
 0.015956
 0.028729
 0.011831
 0.014128
 0.012729
 0.011796
 0.021425
 0.017187
 0.019118
 0.016029
 0.009185
 0.013865
 0.015227
 0.015775
 0.009384
 0.015329
 0.017441
 0.012643
 0.010470
 0.014082
 0.013993
 0.012556
 0.015020
 0.016820
 0.016573
 0.012841
 0.017892
 0.020112
 0.015630
 0.016836
 0.011813
 0.013770
 0.015351
 0.017283
 0.016373
 0.015206
 0.016144
 0.011754
 0.013785
 0.016920
 0.015538
 0.013729
 0.015005
 0.011694
 0.013920
 0.013594
 0.015130
 0.016789
 0.015011
 0.017619
 0.016035
 0.018357
 0.016301
 0.015685
 0.014247
 0.015216
 0.015765
 0.017291
 0.016877
 0.016950
 0.022824
 0.016206
 0.024022
 0.014423
 0.018766
 0.012675
 0.015087
 0.009731
 0.018058
 0.017239
 0.019682
 0.012572
 0.010488
 0.015497
 0.013392
 0.012040
 0.013057
 0.019279
 0.021723
 0.013016
 0.016287
 0.016085
 0.013359
 0.011773
 0.015872
 0.016831
 0.010332
 0.011209
 0.015781
 0.012703
 0.011966
 0.014997
 0.006871
 0.009010
 0.010887
 0.012089
 0.010964
 0.007095
 0.006981
 0.005593
 0.006193
 0.011924
 0.007888
 0.007782
 0.006590
 0.012295
 0.008269
 0.010979
 0.006534
 0.012830
 0.012201
 0.010699
 0.010852
 0.008726
 0.008211
 0.006145
 0.006732
 0.011514
 0.011777
 0.011051
 0.009653
 0.008588
 0.012204
 0.005247
 0.010851
 0.011177
 0.007069
 0.007986
 0.011664
 0.007770
 0.011506
 0.007378
 0.006864
 0.007726
 0.007125
 0.005253
 0.008216
 0.011844
952 frames decoded in toal.
