Configure resampler: libSwResample
 0.017105
 0.017425
 0.024896
 0.011783
 0.011033
 0.004492
 0.006777
 0.008597
 0.010237
 0.011466
 0.004668
 0.012293
 0.011181
 0.004669
 0.009557
 0.011527
 0.008248
 0.012315
 0.010873
 0.007716
 0.006310
 0.008787
 0.008126
 0.012551
 0.010822
 0.011742
 0.007549
 0.007925
 0.014334
 0.016291
 0.007846
 0.007476
 0.012366
 0.009073
 0.011742
 0.015421
 0.015951
 0.017856
 0.018854
 0.018039
 0.020941
 0.016772
 0.017195
 0.014461
 0.014852
 0.014207
 0.017108
 0.016054
 0.016036
 0.012572
 0.012806
 0.010730
 0.012980
 0.015415
 0.025930
 0.018318
 0.021158
 0.019870
 0.021879
 0.028838
 0.020626
 0.028207
 0.020795
 0.020066
 0.014620
 0.020577
 0.019367
 0.014886
 0.018953
 0.015080
 0.017766
 0.017235
 0.014662
 0.017830
 0.021464
 0.012304
 0.014345
 0.016447
 0.012157
 0.013853
 0.016623
 0.015660
 0.018037
 0.017781
 0.015566
 0.016087
 0.018730
 0.018791
 0.007053
 0.015433
 0.013600
 0.017353
 0.014019
 0.008453
 0.018734
 0.019215
 0.018724
 0.015843
 0.017130
 0.014743
 0.007328
 0.013324
 0.017536
 0.014380
 0.015815
 0.010784
 0.010684
 0.015673
 0.014303
 0.015895
 0.013233
 0.019872
 0.013448
 0.017046
 0.017383
 0.012859
 0.014958
 0.017905
 0.016777
 0.017318
 0.012951
 0.017598
 0.013208
 0.013967
 0.012889
 0.015848
 0.013329
 0.011637
 0.016409
 0.017722
 0.014049
 0.018679
 0.018448
 0.016616
 0.017894
 0.014741
 0.016160
 0.014450
 0.014400
 0.013437
 0.017629
 0.014619
 0.016054
 0.011995
 0.014268
 0.014929
 0.013097
 0.020266
 0.016766
 0.014476
 0.016282
 0.013400
 0.015109
 0.012653
 0.015462
 0.011693
 0.012894
 0.016198
 0.012159
 0.012382
 0.014812
 0.015084
 0.014596
 0.014554
 0.010755
 0.013956
 0.010952
 0.012428
 0.011995
 0.013892
 0.011013
 0.016366
 0.012322
 0.014549
 0.012532
 0.013051
 0.015427
 0.015727
 0.011699
 0.011639
 0.012718
 0.015837
 0.015941
 0.017175
 0.018650
 0.015278
 0.015355
 0.014135
 0.015824
 0.014711
 0.012841
 0.016417
 0.018790
 0.016238
 0.020017
 0.012804
 0.014311
 0.016340
 0.016335
 0.015857
 0.012259
 0.015712
 0.015882
 0.015379
 0.012546
 0.011607
 0.015915
 0.016002
 0.015756
 0.017193
 0.020248
 0.020706
 0.020610
 0.020996
 0.023379
 0.018820
 0.021943
 0.020152
 0.019986
 0.021854
 0.013456
 0.019183
 0.014189
 0.018634
 0.022219
 0.018272
 0.019689
 0.015974
 0.018545
 0.019807
 0.016143
 0.022411
 0.014341
 0.018769
 0.017175
 0.018482
 0.018983
 0.018472
 0.017351
 0.016558
 0.020001
 0.018609
 0.014782
 0.016591
 0.016146
 0.014291
 0.015253
 0.017527
 0.017635
 0.014413
 0.016867
 0.014310
 0.017814
 0.015842
 0.014729
 0.021435
 0.016076
 0.021657
 0.023722
 0.019859
 0.013904
 0.011459
 0.014565
 0.012981
 0.016370
 0.017582
 0.017221
 0.012596
 0.020923
 0.018383
 0.018941
 0.015410
 0.014199
 0.018945
 0.018287
 0.015439
 0.014401
 0.019262
 0.012725
 0.012003
 0.017014
 0.018694
 0.014934
 0.013380
 0.016485
 0.018659
 0.015637
 0.015198
 0.016762
 0.017227
 0.013714
 0.019077
 0.018657
 0.014950
 0.015642
 0.013651
 0.018708
 0.014319
 0.018066
 0.013532
 0.018456
 0.015486
 0.017709
 0.016344
 0.023893
 0.022811
 0.021191
 0.018063
 0.016274
 0.023670
 0.016486
 0.010978
 0.019559
 0.017233
 0.018646
 0.013041
 0.015006
 0.020021
 0.017459
 0.015470
 0.019396
 0.019743
 0.017155
 0.014752
 0.013521
 0.017226
 0.012589
 0.013036
 0.016196
 0.016310
 0.010575
 0.011586
 0.015872
 0.011375
 0.010758
 0.010586
 0.013175
 0.010525
 0.010329
 0.019844
 0.019239
 0.019521
 0.017244
 0.021486
 0.022136
 0.016866
 0.016221
 0.015585
 0.016389
 0.018349
 0.017122
 0.014951
 0.016545
 0.019387
 0.018406
 0.015097
 0.020413
 0.016925
 0.016447
 0.019985
 0.020483
 0.021841
 0.019816
 0.021562
 0.020215
 0.019047
 0.014344
 0.012408
 0.012244
 0.016268
 0.012673
 0.017869
 0.017235
 0.018715
 0.013430
 0.014833
 0.012168
 0.013326
 0.015015
 0.013909
 0.015284
 0.015252
 0.018969
 0.018915
 0.016246
 0.018050
 0.020103
 0.018300
 0.020527
 0.020179
 0.018099
 0.019597
 0.013327
 0.012180
 0.015817
 0.018032
 0.017191
 0.019895
 0.016772
 0.024382
 0.020516
 0.020005
 0.022922
 0.017244
 0.015909
 0.018853
 0.016483
 0.016082
 0.019723
 0.014635
 0.022185
 0.018652
 0.019214
 0.015155
 0.014653
 0.016352
 0.017756
 0.016129
 0.016704
 0.012914
 0.011844
 0.014296
 0.015711
 0.016895
 0.013440
 0.015131
 0.017246
 0.012791
 0.011444
 0.014082
 0.017866
 0.018261
 0.015662
 0.019549
 0.018059
 0.013110
 0.013870
 0.015061
 0.017721
 0.019555
 0.016489
 0.018444
 0.016094
 0.017165
 0.016122
 0.015862
 0.018145
 0.018822
 0.012716
 0.020189
 0.013033
 0.019354
 0.018674
 0.015190
 0.015074
 0.009900
 0.016491
 0.012777
 0.016081
 0.015223
 0.014036
 0.014091
 0.013687
 0.010220
 0.024216
 0.011453
 0.017712
 0.016563
 0.019199
 0.020189
 0.018035
 0.016681
 0.019981
 0.016055
 0.020636
 0.014165
 0.021446
 0.014303
 0.015505
 0.024247
 0.014636
 0.017201
 0.018979
 0.017513
 0.018606
 0.018303
 0.016064
 0.013616
 0.014824
 0.018109
 0.015210
 0.018833
 0.013663
 0.018804
 0.017199
 0.018064
 0.021668
 0.020732
 0.018323
 0.018894
 0.022912
 0.020217
 0.018529
 0.022357
 0.018461
 0.016462
 0.019274
 0.021102
 0.018335
 0.016839
 0.019398
 0.020443
 0.014860
 0.020019
 0.016667
 0.015038
 0.018462
 0.016916
 0.017667
 0.018039
 0.019043
 0.019418
 0.018886
 0.018515
 0.019632
 0.017333
 0.016125
 0.014909
 0.012310
 0.009800
 0.010438
 0.014436
 0.010019
 0.012884
 0.012182
 0.014831
 0.011059
 0.011172
 0.012273
 0.010022
 0.017202
 0.017549
 0.022017
 0.015857
 0.015993
 0.014151
 0.012548
 0.020812
 0.019191
 0.018558
 0.015374
 0.011475
 0.017589
 0.016252
 0.015649
 0.017073
 0.021406
 0.017559
 0.013825
 0.014402
 0.018045
 0.019330
 0.015512
 0.017944
 0.018261
 0.010735
 0.010724
 0.012989
 0.016085
 0.011483
 0.016437
 0.012502
 0.015693
 0.010849
 0.013086
 0.011345
 0.019003
 0.013284
 0.018717
 0.015006
 0.017376
 0.021049
 0.014922
 0.021059
 0.015757
 0.013370
 0.013848
 0.017842
 0.016264
 0.017989
 0.014430
 0.017114
 0.018378
 0.017759
 0.016109
 0.019232
 0.016132
 0.017660
 0.014003
 0.014074
 0.012210
 0.015341
 0.018789
 0.012324
 0.018188
 0.017094
 0.014210
 0.017046
 0.016263
 0.018684
 0.014906
 0.022358
 0.012331
 0.020662
 0.017224
 0.013368
 0.013217
 0.015377
 0.020263
 0.014666
 0.017276
 0.015409
 0.014408
 0.016161
 0.019383
 0.014177
 0.014706
 0.014475
 0.018818
 0.014057
 0.026560
 0.015631
 0.015349
 0.018021
 0.017633
 0.013998
 0.017073
 0.016180
 0.014316
 0.019883
 0.018864
 0.018302
 0.019686
 0.018013
 0.020345
 0.014260
 0.016116
 0.015053
 0.017287
 0.015582
 0.018789
 0.014864
 0.015009
 0.015348
 0.014674
 0.014724
 0.013624
 0.014297
 0.014710
 0.022064
 0.012122
 0.013759
 0.014455
 0.019606
 0.018995
 0.018248
 0.014762
 0.018662
 0.015504
 0.021083
 0.014754
 0.015767
 0.014926
 0.024363
 0.019210
 0.013671
 0.014845
 0.015997
 0.017022
 0.015112
 0.019671
 0.016865
 0.014787
 0.015650
 0.020296
 0.018731
 0.025485
 0.014582
 0.017812
 0.016950
 0.016849
 0.021958
 0.019067
 0.018939
 0.017095
 0.015788
 0.015968
 0.008348
 0.007719
 0.010481
 0.006630
 0.011388
 0.008414
 0.007498
 0.006900
 0.007945
 0.007292
 0.008236
 0.011006
 0.007421
 0.008100
 0.006953
 0.006270
 0.010496
 0.009393
 0.008581
 0.011059
 0.014545
 0.006751
 0.011579
 0.012069
 0.012909
 0.010332
 0.011493
 0.010736
 0.010172
 0.007146
 0.009575
 0.013586
 0.006586
 0.011090
 0.011065
 0.010311
 0.011984
 0.014387
 0.007701
 0.014960
 0.011014
 0.011939
 0.009867
 0.012233
 0.008335
 0.013959
 0.010247
 0.008551
 0.011783
 0.010786
 0.013499
 0.009528
 0.010433
 0.007752
 0.008313
 0.009400
 0.008685
 0.011501
 0.009550
 0.009857
 0.014189
 0.009269
 0.008018
 0.011918
 0.011048
 0.009355
 0.008613
 0.013296
 0.013990
 0.008924
 0.010764
 0.011196
 0.011733
 0.010012
 0.011619
 0.010253
 0.011144
 0.009799
 0.013947
 0.014297
 0.011071
 0.007496
 0.009308
 0.009966
 0.008676
 0.011457
 0.010836
 0.009713
 0.013431
 0.011444
 0.013426
 0.009539
 0.009422
 0.008069
 0.010032
 0.009604
 0.011124
 0.008888
 0.015318
 0.009550
 0.009553
 0.014052
 0.012685
 0.015827
 0.021141
 0.011970
 0.011736
 0.018780
 0.013234
 0.013482
 0.013395
 0.017847
 0.015906
 0.018782
 0.011355
 0.019027
 0.021657
 0.012304
 0.027192
 0.011062
 0.015711
 0.009650
 0.014778
 0.025493
 0.012811
 0.019020
 0.011882
 0.013792
 0.015550
 0.013830
 0.015517
 0.011269
 0.013625
 0.016989
 0.012008
 0.012529
 0.011510
 0.017585
 0.011998
 0.010306
 0.012716
 0.011658
 0.010767
 0.017637
 0.020339
 0.015332
 0.015454
 0.013679
 0.015136
 0.016490
 0.012211
 0.015937
 0.010889
 0.013143
 0.012898
 0.010761
 0.012713
 0.013351
 0.012637
 0.011531
 0.006842
 0.012598
 0.013617
 0.011373
 0.014941
 0.008705
 0.014296
 0.011055
 0.018213
 0.011479
 0.012896
 0.015270
 0.012104
 0.018883
 0.016563
 0.016459
 0.012538
 0.019990
 0.017331
 0.013756
 0.011799
 0.014284
 0.011393
 0.012113
 0.015128
 0.014711
 0.018340
 0.020182
 0.011178
 0.010430
 0.011514
 0.015305
 0.013990
 0.014084
 0.011332
 0.016176
 0.012580
 0.011546
 0.015025
 0.011584
 0.012068
 0.015879
 0.013155
 0.011051
 0.014145
 0.018132
 0.007497
 0.011704
 0.010450
 0.010999
 0.007090
 0.011389
 0.010110
 0.006549
 0.008810
 0.012125
 0.010557
 0.010719
 0.012113
 0.010921
 0.009959
 0.009848
 0.010596
 0.010662
 0.009581
 0.010750
 0.012198
 0.012490
 0.009109
 0.006601
 0.011400
 0.012135
 0.010855
 0.006962
 0.008213
 0.008044
 0.006673
 0.008786
 0.008788
 0.005861
 0.009598
 0.007506
 0.012464
 0.008047
 0.010966
 0.006414
 0.010736
 0.008461
 0.012008
 0.011384
 0.007335
 0.007809
 0.007751
 0.006426
 0.009816
952 frames decoded in toal.
