Configure resampler: libSwResample
 0.009234
 0.008131
 0.008378
 0.021926
 0.014309
 0.012919
 0.011354
 0.012013
 0.005537
 0.012978
 0.012269
 0.004607
 0.021999
 0.021894
 0.010731
 0.017092
 0.017184
 0.018650
 0.016477
 0.019946
 0.016312
 0.018049
 0.015397
 0.018806
 0.017460
 0.020572
 0.018432
 0.013455
 0.014921
 0.016786
 0.017880
 0.015973
 0.015284
 0.013998
 0.015143
 0.012612
 0.012283
 0.010183
 0.008345
 0.027612
 0.018800
 0.015707
 0.014706
 0.015499
 0.017550
 0.016000
 0.013798
 0.016805
 0.015577
 0.015610
 0.014518
 0.013979
 0.013953
 0.014907
 0.011848
 0.007848
 0.009364
 0.011087
 0.010753
 0.012487
 0.014104
 0.013989
 0.017557
 0.016262
 0.019371
 0.025006
 0.018666
 0.021750
 0.018555
 0.016214
 0.015857
 0.020212
 0.019929
 0.019213
 0.020644
 0.022916
 0.018732
 0.021628
 0.019765
 0.019539
 0.018305
 0.018785
 0.019085
 0.021314
 0.021466
 0.019528
 0.020253
 0.023376
 0.018890
 0.021522
 0.019867
 0.018654
 0.017281
 0.019705
 0.016914
 0.017097
 0.015360
 0.018693
 0.016162
 0.025293
 0.015378
 0.015301
 0.019886
 0.015347
 0.016076
 0.016959
 0.014735
 0.015345
 0.016690
 0.016738
 0.020941
 0.018741
 0.015455
 0.015017
 0.019051
 0.013733
 0.018662
 0.025228
 0.009075
 0.021777
 0.015713
 0.015222
 0.019086
 0.015872
 0.027367
 0.018476
 0.013707
 0.015543
 0.013446
 0.015554
 0.014619
 0.014082
 0.014651
 0.015662
 0.016009
 0.012223
 0.011877
 0.013893
 0.013132
 0.015352
 0.015678
 0.016376
 0.017031
 0.005448
 0.004420
 0.006815
 0.010158
 0.008177
 0.009419
 0.010096
 0.007620
 0.009906
 0.013177
 0.012091
 0.008989
 0.010197
 0.011456
 0.010378
 0.009997
 0.010426
 0.012185
 0.009360
 0.023386
 0.019158
 0.015885
 0.017906
 0.015689
 0.019180
 0.020820
 0.018040
 0.017396
 0.020016
 0.014947
 0.017167
 0.018942
 0.017962
 0.014567
 0.013123
 0.009423
 0.008919
 0.011115
 0.009263
 0.010945
 0.011773
 0.012490
 0.014828
 0.020376
 0.018518
 0.014958
 0.017753
 0.019904
 0.017864
 0.019528
 0.020907
 0.018768
 0.019078
 0.017675
 0.015554
 0.018160
 0.019563
 0.017066
 0.014050
 0.026353
 0.017969
 0.015727
 0.015737
 0.014937
 0.017251
 0.012043
 0.014565
 0.015753
 0.016246
 0.015222
 0.015511
 0.013882
 0.015844
 0.013019
 0.016691
 0.016025
 0.038344
 0.024834
 0.011672
 0.014025
 0.021055
 0.011655
 0.015267
 0.016694
 0.015211
 0.017541
 0.012253
 0.014371
 0.025259
 0.020285
 0.019059
 0.017578
 0.019629
 0.016841
 0.019459
 0.016931
 0.022039
 0.016922
 0.018747
 0.016695
 0.016574
 0.012887
 0.012079
 0.011054
 0.009662
 0.011407
 0.026159
 0.019720
 0.018794
 0.020602
 0.020672
 0.019957
 0.020195
 0.018872
 0.019881
 0.017513
 0.020106
 0.018984
 0.016844
 0.018482
 0.020949
 0.021089
 0.021546
 0.008474
 0.008434
 0.008274
 0.008510
 0.009651
 0.010778
 0.006919
 0.009635
 0.009267
 0.009839
 0.007136
 0.009880
 0.009669
 0.007601
 0.008132
 0.009550
 0.010755
 0.010087
 0.007363
 0.011529
 0.009427
 0.021787
 0.017457
 0.014194
 0.015751
 0.014619
 0.014615
 0.014168
 0.016356
 0.016399
 0.015004
 0.014150
 0.016606
 0.015163
 0.014714
 0.017679
 0.015241
 0.011174
 0.016723
 0.030274
 0.015470
 0.012474
 0.016824
 0.016282
 0.015324
 0.015545
 0.019524
 0.017429
 0.016811
 0.012486
 0.016861
 0.018760
 0.012661
 0.010595
 0.009515
 0.011618
 0.011810
 0.010403
 0.008722
 0.011991
 0.010583
 0.010950
 0.012751
 0.022620
 0.018427
 0.016044
 0.016247
 0.015977
 0.019807
 0.018383
 0.018666
 0.018117
 0.017287
 0.017410
 0.015711
 0.016906
 0.007893
 0.009904
 0.006840
 0.006944
 0.006844
 0.008424
 0.009275
 0.010148
 0.009880
 0.009539
 0.007262
 0.009031
 0.007822
 0.007393
 0.008615
 0.010694
 0.010660
 0.007882
 0.007104
 0.009112
 0.010525
 0.007244
 0.010248
 0.009310
 0.009339
 0.013042
 0.011263
 0.013196
 0.014921
 0.017064
 0.016078
 0.021147
 0.012958
 0.017471
 0.017619
 0.019642
 0.016849
 0.017918
 0.016972
 0.015743
 0.016208
 0.015419
 0.016280
 0.017468
 0.015454
 0.013587
 0.018282
 0.018239
 0.017489
 0.016318
 0.016385
 0.015462
 0.015315
 0.018954
 0.017243
 0.017227
 0.017102
 0.017069
 0.018293
 0.018005
 0.015762
 0.015290
 0.015404
 0.012949
 0.012255
 0.011894
 0.011007
 0.012737
 0.009967
 0.012187
 0.013562
 0.015112
 0.017143
 0.016912
 0.015723
 0.016868
 0.016769
 0.014716
 0.012977
 0.016358
 0.016332
 0.016914
 0.014885
 0.015468
 0.015049
 0.015187
 0.017129
 0.016591
 0.016007
 0.020019
 0.018657
 0.017744
 0.019735
 0.019817
 0.017266
 0.017893
 0.019838
 0.016099
 0.016119
 0.021086
 0.018451
 0.023616
 0.019852
 0.021868
 0.023613
 0.017967
 0.018902
 0.020951
 0.020529
 0.020928
 0.020785
 0.020054
 0.020158
 0.017789
 0.019201
 0.018882
 0.018026
 0.018088
 0.019429
 0.019120
 0.017027
 0.016773
 0.016072
 0.016080
 0.019410
 0.017817
 0.016786
 0.018836
 0.018076
 0.019754
 0.015572
 0.015329
 0.011641
 0.014837
 0.015040
 0.015990
 0.016931
 0.014271
 0.017042
 0.017289
 0.017360
 0.012767
 0.015512
 0.013826
 0.013274
 0.014870
 0.015290
 0.014562
 0.014786
 0.013783
 0.016634
 0.015101
 0.016194
 0.017396
 0.022468
 0.017525
 0.013749
 0.017208
 0.016846
 0.009817
 0.016994
 0.016946
 0.014693
 0.017147
 0.016695
 0.016365
 0.015853
 0.016874
 0.015617
 0.013054
 0.018007
 0.014894
 0.015613
 0.016291
 0.020234
 0.015083
 0.015711
 0.016338
 0.013912
 0.014493
 0.015912
 0.016751
 0.016174
 0.014120
 0.014544
 0.014230
 0.013737
 0.015895
 0.015563
 0.016811
 0.016939
 0.015654
 0.016539
 0.018258
 0.014111
 0.015853
 0.015908
 0.016478
 0.017814
 0.018509
 0.017076
 0.016451
 0.018098
 0.017351
 0.018139
 0.015181
 0.016927
 0.025120
 0.017430
 0.016327
 0.020782
 0.015638
 0.019541
 0.017023
 0.019409
 0.015360
 0.019211
 0.016724
 0.019691
 0.015037
 0.018854
 0.016000
 0.017858
 0.015289
 0.019052
 0.017245
 0.019262
 0.016717
 0.017530
 0.016738
 0.018687
 0.016067
 0.017834
 0.018055
 0.017986
 0.018965
 0.016615
 0.015190
 0.018637
 0.015125
 0.017560
 0.016249
 0.016591
 0.018176
 0.017747
 0.019140
 0.017576
 0.017509
 0.017133
 0.018145
 0.018460
 0.016368
 0.013916
 0.018055
 0.015486
 0.016906
 0.014245
 0.028867
 0.031648
 0.029642
 0.030001
 0.028050
 0.026513
 0.026711
 0.008689
 0.006973
 0.011817
 0.011961
 0.012884
 0.010628
 0.014214
 0.012750
 0.010826
 0.012620
 0.012257
 0.011391
 0.011896
 0.011984
 0.011806
 0.012290
 0.010813
 0.010864
 0.014029
 0.011183
 0.010567
 0.012231
 0.012267
 0.010621
 0.013347
 0.012602
 0.012856
 0.013480
 0.009739
 0.009663
 0.011828
 0.009832
 0.015987
 0.012013
 0.011839
 0.009890
 0.009177
 0.009286
 0.010496
 0.011895
 0.012513
 0.010825
 0.012273
 0.019571
 0.010554
 0.008076
 0.010639
 0.011984
 0.009058
 0.006195
 0.010393
 0.013687
 0.012725
 0.011690
 0.007280
 0.011345
 0.011270
 0.010063
 0.011990
 0.010744
 0.007311
 0.011563
 0.013469
 0.006305
 0.010626
 0.012650
 0.011224
 0.012189
 0.011663
 0.008050
 0.011190
 0.011258
 0.008924
 0.011338
 0.011038
 0.005373
 0.011836
 0.012117
 0.007135
 0.012915
 0.010770
 0.012604
 0.011031
 0.008557
 0.008081
 0.010502
 0.007989
 0.008612
 0.010818
 0.011573
 0.012420
 0.010168
 0.013595
 0.011786
 0.009303
 0.009094
 0.007701
 0.010181
 0.010765
 0.010498
 0.010872
 0.010905
 0.008983
 0.009956
 0.011265
 0.009786
 0.009535
 0.010168
 0.011126
 0.009391
 0.009005
 0.010517
 0.010400
 0.009175
 0.005836
721 frames decoded in toal.
