Configure resampler: libSwResample
 0.008297
 0.036574
 0.007329
 0.022064
 0.015330
 0.015852
 0.006436
 0.007278
 0.006007
 0.013298
 0.014056
 0.005290
 0.022439
 0.020591
 0.014677
 0.018514
 0.015471
 0.018699
 0.017974
 0.016750
 0.017386
 0.018945
 0.016609
 0.017562
 0.016673
 0.022736
 0.015539
 0.015705
 0.017668
 0.016972
 0.017216
 0.019547
 0.015675
 0.011054
 0.014389
 0.013309
 0.012174
 0.012249
 0.003066
 0.027184
 0.016189
 0.018989
 0.017844
 0.015674
 0.018278
 0.016280
 0.015705
 0.017687
 0.016232
 0.016138
 0.011371
 0.012639
 0.016682
 0.013927
 0.012458
 0.009053
 0.012832
 0.010986
 0.011922
 0.012248
 0.016793
 0.018179
 0.015965
 0.018361
 0.018714
 0.018390
 0.020609
 0.020506
 0.021075
 0.019456
 0.017398
 0.018892
 0.018614
 0.021702
 0.021201
 0.028644
 0.017154
 0.020392
 0.018456
 0.022063
 0.017885
 0.022034
 0.018687
 0.026671
 0.016975
 0.020442
 0.019123
 0.020449
 0.018348
 0.022320
 0.016303
 0.018768
 0.016721
 0.019781
 0.015135
 0.013815
 0.016532
 0.015745
 0.022565
 0.016662
 0.012986
 0.014519
 0.016162
 0.016041
 0.015867
 0.016729
 0.016498
 0.017478
 0.015843
 0.012423
 0.015239
 0.016360
 0.014515
 0.016880
 0.015842
 0.014258
 0.014333
 0.015422
 0.012598
 0.019531
 0.017086
 0.015988
 0.018297
 0.012251
 0.014087
 0.019437
 0.016492
 0.016243
 0.015276
 0.016464
 0.016718
 0.015862
 0.016778
 0.015749
 0.014081
 0.013597
 0.017876
 0.016583
 0.017320
 0.012933
 0.015688
 0.016286
 0.010326
 0.007126
 0.008142
 0.008426
 0.007573
 0.006959
 0.007231
 0.009567
 0.007108
 0.010355
 0.011800
 0.009868
 0.008558
 0.009409
 0.007552
 0.011380
 0.009103
 0.011228
 0.010067
 0.008541
 0.021933
 0.016965
 0.014732
 0.018653
 0.014693
 0.016947
 0.017918
 0.020697
 0.018177
 0.016972
 0.018053
 0.017305
 0.019215
 0.018509
 0.014951
 0.011648
 0.012993
 0.011592
 0.008898
 0.010278
 0.010026
 0.009353
 0.012385
 0.017113
 0.019784
 0.020803
 0.016666
 0.018598
 0.021960
 0.014999
 0.021736
 0.019998
 0.024264
 0.017258
 0.015016
 0.018147
 0.016701
 0.016704
 0.015618
 0.014544
 0.030079
 0.015834
 0.015088
 0.016423
 0.013751
 0.018071
 0.014573
 0.015692
 0.016575
 0.016194
 0.015078
 0.015482
 0.013904
 0.015747
 0.012603
 0.013627
 0.015537
 0.040494
 0.019748
 0.012723
 0.014169
 0.019923
 0.013418
 0.012227
 0.018345
 0.015667
 0.011624
 0.018371
 0.012144
 0.024210
 0.021306
 0.019037
 0.019442
 0.017406
 0.017670
 0.018165
 0.016712
 0.019408
 0.017352
 0.018624
 0.016801
 0.015013
 0.015037
 0.015607
 0.011793
 0.010541
 0.012506
 0.025733
 0.022024
 0.021633
 0.018873
 0.020621
 0.018697
 0.019280
 0.019937
 0.019647
 0.019296
 0.019534
 0.016406
 0.018274
 0.017745
 0.017973
 0.019213
 0.019224
 0.008383
 0.008094
 0.008644
 0.010289
 0.008887
 0.008996
 0.008962
 0.011107
 0.007450
 0.009637
 0.009590
 0.008216
 0.008897
 0.007872
 0.009677
 0.009821
 0.013258
 0.011440
 0.008804
 0.010262
 0.008804
 0.018432
 0.016046
 0.014119
 0.015785
 0.013826
 0.016496
 0.015682
 0.012833
 0.014712
 0.016213
 0.015898
 0.016871
 0.013750
 0.015271
 0.016456
 0.018266
 0.014956
 0.015401
 0.027954
 0.019089
 0.014166
 0.014878
 0.013559
 0.015240
 0.013476
 0.019470
 0.016941
 0.014598
 0.014930
 0.016183
 0.019091
 0.015400
 0.012535
 0.007756
 0.010888
 0.009400
 0.008223
 0.010534
 0.009599
 0.009749
 0.012631
 0.014630
 0.021336
 0.014831
 0.018763
 0.016816
 0.017508
 0.019713
 0.014919
 0.018421
 0.021829
 0.014316
 0.018323
 0.020135
 0.017808
 0.008987
 0.007416
 0.009903
 0.010497
 0.009860
 0.008866
 0.007945
 0.009420
 0.008930
 0.012345
 0.008225
 0.009342
 0.006714
 0.008601
 0.011750
 0.008672
 0.008937
 0.007611
 0.009067
 0.011151
 0.011688
 0.010221
 0.010525
 0.009001
 0.008965
 0.011246
 0.012732
 0.014439
 0.014980
 0.017008
 0.016515
 0.017376
 0.016934
 0.014055
 0.016950
 0.016302
 0.017204
 0.016167
 0.016344
 0.016411
 0.016440
 0.014631
 0.017198
 0.015046
 0.014155
 0.013462
 0.018632
 0.016541
 0.017332
 0.017857
 0.016529
 0.014540
 0.018003
 0.016721
 0.012538
 0.016777
 0.016555
 0.015600
 0.018505
 0.016394
 0.015509
 0.015555
 0.013043
 0.013657
 0.013561
 0.012568
 0.013962
 0.011717
 0.011231
 0.015059
 0.016574
 0.015132
 0.011284
 0.025504
 0.025929
 0.014785
 0.014530
 0.014944
 0.014594
 0.015274
 0.015528
 0.017047
 0.014849
 0.016849
 0.016471
 0.017660
 0.016246
 0.017463
 0.015999
 0.018556
 0.016899
 0.022695
 0.019165
 0.020749
 0.020216
 0.017777
 0.019224
 0.020288
 0.019499
 0.019790
 0.018700
 0.020655
 0.021638
 0.019278
 0.024068
 0.018928
 0.022621
 0.022425
 0.018351
 0.020572
 0.020237
 0.018261
 0.019513
 0.019152
 0.019467
 0.016364
 0.019208
 0.019493
 0.019961
 0.015267
 0.016103
 0.017333
 0.015926
 0.016480
 0.014606
 0.018638
 0.016686
 0.014098
 0.016560
 0.018751
 0.015120
 0.011491
 0.015540
 0.013547
 0.013711
 0.015760
 0.014968
 0.016117
 0.017899
 0.018862
 0.015418
 0.016424
 0.015660
 0.011819
 0.015594
 0.013720
 0.012050
 0.014914
 0.014154
 0.016532
 0.016862
 0.010843
 0.016110
 0.018331
 0.022901
 0.017141
 0.016586
 0.015918
 0.016469
 0.010750
 0.014879
 0.012104
 0.016713
 0.016168
 0.015612
 0.012780
 0.015762
 0.017431
 0.014264
 0.016204
 0.016040
 0.015278
 0.014284
 0.015730
 0.019481
 0.013251
 0.015272
 0.016911
 0.014662
 0.015772
 0.018170
 0.016705
 0.016118
 0.013621
 0.015684
 0.013286
 0.016506
 0.016348
 0.015257
 0.016394
 0.013290
 0.015651
 0.014706
 0.017929
 0.016280
 0.016250
 0.015776
 0.014745
 0.016915
 0.017926
 0.017269
 0.016417
 0.015600
 0.014512
 0.017885
 0.016534
 0.017127
 0.025219
 0.017934
 0.017797
 0.019166
 0.017342
 0.021865
 0.017796
 0.022036
 0.017223
 0.018609
 0.015912
 0.019317
 0.016748
 0.020093
 0.018270
 0.015426
 0.014945
 0.018643
 0.017915
 0.020050
 0.017009
 0.016748
 0.017691
 0.018188
 0.018167
 0.017511
 0.018379
 0.014783
 0.022021
 0.018887
 0.015506
 0.020017
 0.016571
 0.020491
 0.019143
 0.018828
 0.016655
 0.016679
 0.016233
 0.015693
 0.019142
 0.016213
 0.018555
 0.015784
 0.018879
 0.017867
 0.016017
 0.016242
 0.017884
 0.012622
 0.029717
 0.030469
 0.028541
 0.026642
 0.027093
 0.025006
 0.025802
 0.008143
 0.010648
 0.011737
 0.012699
 0.012269
 0.013369
 0.010087
 0.012801
 0.012354
 0.011367
 0.010018
 0.011770
 0.011222
 0.011684
 0.009695
 0.011384
 0.013281
 0.012865
 0.012785
 0.013551
 0.011690
 0.013734
 0.014517
 0.011016
 0.013015
 0.012507
 0.013878
 0.012704
 0.012228
 0.013007
 0.009348
 0.013183
 0.010583
 0.012269
 0.010780
 0.013864
 0.011082
 0.013316
 0.016701
 0.013255
 0.010558
 0.011581
 0.012168
 0.019914
 0.011706
 0.009352
 0.008911
 0.013141
 0.011303
 0.009821
 0.011586
 0.010993
 0.012107
 0.010872
 0.010126
 0.011265
 0.008611
 0.008575
 0.011287
 0.011756
 0.008934
 0.010325
 0.011082
 0.007490
 0.011405
 0.012200
 0.007527
 0.012112
 0.010366
 0.006236
 0.010717
 0.011136
 0.007388
 0.009528
 0.011745
 0.007688
 0.011000
 0.012215
 0.008042
 0.012202
 0.008417
 0.012786
 0.009039
 0.010034
 0.009590
 0.011872
 0.008058
 0.008720
 0.012339
 0.011612
 0.011349
 0.010517
 0.008190
 0.011783
 0.009282
 0.006724
 0.008842
 0.009980
 0.012203
 0.010318
 0.010017
 0.010352
 0.010610
 0.009630
 0.010447
 0.011426
 0.010096
 0.010415
 0.010498
 0.010182
 0.007918
 0.009283
 0.011582
 0.007746
 0.006557
721 frames decoded in toal.
