Configure resampler: libSwResample
 0.009769
 0.022083
 0.011992
 0.016698
 0.014414
 0.016656
 0.010400
 0.011848
 0.010230
 0.013481
 0.009796
 0.007282
 0.019095
 0.018591
 0.015760
 0.018605
 0.015980
 0.019476
 0.015838
 0.022788
 0.017255
 0.017311
 0.018016
 0.016809
 0.016747
 0.015498
 0.017101
 0.016104
 0.016098
 0.017278
 0.017075
 0.017494
 0.013960
 0.011969
 0.013767
 0.014430
 0.009527
 0.011691
 0.003193
 0.029163
 0.018594
 0.016520
 0.015612
 0.015960
 0.015831
 0.016257
 0.015744
 0.013310
 0.013137
 0.014787
 0.011122
 0.014879
 0.014978
 0.014207
 0.012728
 0.007940
 0.009157
 0.009865
 0.010840
 0.011148
 0.014824
 0.014192
 0.014398
 0.016172
 0.019869
 0.019776
 0.018955
 0.018042
 0.019136
 0.019611
 0.016264
 0.019771
 0.025424
 0.019460
 0.019860
 0.022037
 0.022361
 0.024109
 0.018379
 0.021021
 0.019403
 0.020560
 0.019881
 0.021768
 0.016617
 0.021310
 0.019161
 0.022365
 0.018151
 0.021507
 0.016939
 0.017179
 0.018728
 0.020301
 0.018082
 0.017260
 0.018375
 0.019799
 0.023755
 0.014544
 0.016389
 0.014773
 0.016523
 0.015735
 0.017306
 0.014662
 0.014532
 0.016329
 0.013034
 0.017612
 0.016785
 0.016440
 0.016784
 0.014356
 0.015585
 0.013304
 0.015183
 0.014954
 0.011762
 0.017276
 0.016668
 0.017136
 0.014736
 0.015723
 0.016504
 0.015071
 0.014801
 0.014957
 0.015211
 0.016029
 0.017852
 0.015011
 0.016434
 0.014917
 0.016201
 0.016306
 0.016837
 0.015954
 0.016570
 0.014851
 0.015248
 0.016423
 0.006952
 0.006807
 0.008750
 0.007911
 0.009187
 0.008417
 0.010078
 0.008523
 0.009200
 0.011027
 0.010991
 0.011753
 0.010381
 0.010126
 0.005237
 0.011650
 0.009456
 0.010374
 0.008640
 0.010107
 0.023956
 0.018426
 0.014953
 0.015759
 0.012321
 0.020206
 0.016920
 0.019203
 0.016893
 0.017318
 0.015247
 0.022156
 0.018333
 0.017548
 0.016383
 0.012588
 0.012623
 0.011239
 0.009295
 0.008555
 0.010215
 0.011148
 0.015016
 0.016280
 0.021064
 0.019355
 0.017253
 0.013893
 0.019096
 0.015327
 0.016236
 0.019249
 0.016432
 0.015585
 0.016574
 0.018833
 0.017375
 0.021253
 0.015573
 0.014128
 0.027376
 0.016013
 0.013153
 0.012815
 0.013432
 0.015641
 0.012800
 0.016786
 0.015886
 0.015649
 0.012644
 0.014353
 0.013754
 0.015864
 0.016546
 0.013200
 0.013260
 0.039159
 0.016185
 0.014930
 0.010963
 0.020623
 0.012523
 0.012201
 0.018716
 0.015095
 0.016028
 0.012917
 0.012824
 0.021413
 0.015977
 0.018955
 0.025739
 0.019442
 0.016931
 0.018669
 0.015811
 0.019098
 0.018736
 0.017368
 0.013537
 0.016139
 0.015561
 0.014752
 0.010757
 0.010078
 0.011548
 0.024429
 0.022112
 0.019303
 0.018702
 0.025403
 0.018245
 0.018567
 0.017057
 0.020408
 0.019325
 0.018722
 0.018131
 0.019101
 0.019761
 0.020851
 0.020947
 0.019458
 0.006904
 0.009916
 0.008765
 0.009194
 0.009677
 0.010016
 0.008471
 0.009569
 0.009449
 0.010059
 0.008774
 0.009125
 0.008253
 0.008162
 0.007876
 0.011639
 0.009916
 0.011490
 0.005883
 0.008057
 0.009105
 0.023328
 0.015771
 0.015092
 0.014111
 0.017444
 0.014652
 0.016094
 0.017056
 0.016334
 0.014956
 0.015526
 0.013502
 0.013543
 0.016359
 0.018968
 0.016607
 0.015581
 0.013432
 0.028489
 0.018263
 0.015482
 0.014608
 0.016990
 0.016587
 0.015844
 0.019148
 0.017658
 0.016170
 0.015604
 0.016069
 0.018196
 0.016699
 0.011076
 0.009344
 0.009578
 0.010077
 0.005645
 0.010428
 0.012321
 0.011029
 0.013650
 0.014524
 0.022245
 0.014487
 0.019056
 0.018508
 0.014127
 0.020160
 0.018833
 0.020654
 0.018671
 0.018514
 0.017169
 0.015543
 0.017100
 0.010310
 0.010249
 0.007687
 0.007420
 0.008502
 0.009368
 0.006767
 0.008979
 0.011337
 0.009705
 0.009415
 0.010293
 0.008990
 0.007624
 0.011293
 0.007507
 0.007191
 0.010302
 0.010117
 0.011919
 0.009871
 0.007124
 0.010804
 0.007411
 0.010899
 0.012291
 0.012180
 0.014570
 0.013464
 0.016259
 0.014925
 0.015331
 0.013170
 0.017884
 0.014354
 0.013930
 0.018233
 0.013934
 0.015541
 0.016749
 0.016900
 0.017107
 0.014765
 0.015881
 0.016740
 0.012704
 0.017573
 0.017188
 0.017505
 0.016822
 0.016918
 0.017530
 0.015778
 0.014418
 0.018500
 0.014550
 0.013899
 0.017645
 0.016743
 0.015303
 0.015606
 0.011247
 0.013051
 0.012443
 0.013041
 0.010780
 0.010603
 0.013176
 0.012148
 0.016310
 0.017582
 0.016143
 0.014001
 0.017353
 0.014786
 0.012635
 0.012771
 0.015077
 0.015716
 0.011268
 0.016000
 0.016780
 0.016729
 0.012713
 0.016579
 0.015518
 0.017786
 0.022640
 0.014553
 0.017487
 0.018313
 0.020741
 0.018063
 0.018153
 0.017878
 0.019878
 0.018392
 0.018504
 0.017871
 0.017892
 0.019980
 0.021258
 0.019864
 0.022548
 0.019484
 0.018398
 0.019725
 0.019108
 0.019273
 0.020993
 0.019671
 0.020232
 0.016652
 0.019167
 0.019549
 0.017573
 0.017457
 0.018350
 0.018053
 0.017981
 0.017967
 0.017010
 0.016620
 0.018629
 0.017047
 0.018984
 0.013954
 0.019942
 0.016115
 0.015979
 0.014339
 0.013032
 0.012869
 0.015599
 0.016608
 0.014481
 0.015875
 0.017077
 0.014930
 0.014478
 0.016412
 0.017020
 0.012313
 0.015617
 0.015554
 0.014084
 0.010901
 0.010730
 0.014426
 0.013006
 0.016429
 0.016553
 0.016602
 0.016025
 0.021421
 0.017334
 0.016779
 0.016906
 0.017130
 0.010007
 0.015316
 0.016388
 0.013626
 0.013820
 0.016812
 0.014952
 0.016666
 0.015272
 0.016106
 0.015889
 0.018686
 0.013558
 0.016762
 0.015477
 0.019984
 0.014713
 0.014798
 0.016716
 0.014092
 0.015871
 0.013864
 0.015095
 0.014572
 0.014043
 0.014856
 0.012885
 0.014076
 0.015631
 0.015453
 0.016085
 0.015148
 0.016317
 0.015202
 0.017312
 0.017687
 0.014022
 0.018210
 0.016003
 0.018340
 0.018878
 0.016321
 0.017526
 0.017110
 0.015547
 0.014987
 0.016485
 0.016057
 0.026457
 0.019759
 0.013539
 0.020420
 0.016895
 0.018931
 0.015465
 0.021823
 0.014749
 0.018204
 0.015937
 0.019366
 0.013776
 0.019774
 0.015885
 0.019244
 0.016826
 0.018811
 0.017568
 0.018440
 0.016535
 0.014469
 0.018131
 0.017066
 0.018048
 0.017379
 0.016893
 0.016261
 0.018390
 0.018135
 0.016094
 0.020415
 0.018080
 0.017121
 0.018016
 0.015443
 0.019369
 0.015626
 0.016813
 0.018199
 0.015140
 0.015745
 0.017722
 0.016966
 0.017446
 0.018395
 0.017861
 0.014401
 0.014887
 0.014188
 0.027536
 0.029764
 0.027192
 0.028694
 0.027683
 0.027332
 0.025980
 0.008311
 0.009559
 0.010870
 0.010946
 0.009354
 0.010712
 0.012080
 0.013176
 0.014582
 0.013254
 0.012277
 0.011799
 0.011607
 0.012961
 0.010005
 0.013256
 0.013437
 0.011412
 0.009176
 0.010552
 0.011090
 0.010245
 0.011102
 0.010566
 0.011132
 0.013051
 0.011406
 0.012466
 0.012431
 0.010574
 0.013137
 0.013484
 0.011939
 0.009198
 0.011181
 0.009644
 0.008306
 0.011934
 0.011445
 0.010257
 0.011993
 0.008243
 0.011843
 0.020924
 0.009290
 0.009452
 0.007495
 0.010435
 0.009638
 0.008832
 0.005312
 0.013044
 0.011047
 0.009746
 0.009608
 0.009991
 0.009487
 0.007714
 0.010984
 0.012158
 0.007761
 0.009433
 0.009824
 0.007648
 0.011437
 0.009997
 0.008802
 0.011148
 0.009404
 0.009009
 0.010266
 0.010493
 0.008856
 0.010920
 0.011392
 0.009133
 0.008997
 0.009383
 0.009248
 0.012170
 0.009812
 0.011404
 0.010771
 0.010248
 0.008405
 0.010360
 0.005370
 0.006391
 0.010845
 0.009960
 0.010604
 0.010193
 0.010922
 0.012272
 0.007626
 0.009539
 0.009496
 0.010141
 0.011914
 0.010804
 0.005868
 0.010257
 0.007588
 0.008920
 0.009776
 0.009864
 0.008333
 0.011044
 0.007890
 0.010080
 0.009673
 0.009551
 0.008670
 0.010892
 0.004035
721 frames decoded in toal.
