Configure resampler: libSwResample
 0.012713
 0.025932
 0.017013
 0.013560
 0.013195
 0.014259
 0.006241
 0.006205
 0.011239
 0.013415
 0.005542
 0.008332
 0.024771
 0.018739
 0.015762
 0.019436
 0.016851
 0.018951
 0.016405
 0.013865
 0.015894
 0.018232
 0.017251
 0.017585
 0.015633
 0.015335
 0.016209
 0.014742
 0.014070
 0.017562
 0.014238
 0.016478
 0.013805
 0.014672
 0.014280
 0.012650
 0.012590
 0.009148
 0.004172
 0.028882
 0.018450
 0.017980
 0.018409
 0.013309
 0.017364
 0.014353
 0.016439
 0.017056
 0.015215
 0.014488
 0.011481
 0.014632
 0.013647
 0.015098
 0.011565
 0.010900
 0.009053
 0.009855
 0.010556
 0.010714
 0.011992
 0.016463
 0.017043
 0.021512
 0.020855
 0.020270
 0.017008
 0.020295
 0.016698
 0.021364
 0.017590
 0.021399
 0.018241
 0.021398
 0.024125
 0.023920
 0.018552
 0.019900
 0.017638
 0.020009
 0.016869
 0.020782
 0.017966
 0.017938
 0.018605
 0.023096
 0.023165
 0.018339
 0.024085
 0.021075
 0.017517
 0.019184
 0.018426
 0.017826
 0.018859
 0.016701
 0.018835
 0.021901
 0.017319
 0.014265
 0.015996
 0.013964
 0.016016
 0.015784
 0.016568
 0.014088
 0.013999
 0.016279
 0.016522
 0.015040
 0.012318
 0.014526
 0.015074
 0.013170
 0.015676
 0.012052
 0.015556
 0.014382
 0.011185
 0.020355
 0.016642
 0.014846
 0.017552
 0.013950
 0.017329
 0.016975
 0.014360
 0.014088
 0.014502
 0.014514
 0.017109
 0.014953
 0.015906
 0.016931
 0.016182
 0.014879
 0.016318
 0.017605
 0.014057
 0.013279
 0.016787
 0.015348
 0.009286
 0.009831
 0.008278
 0.009183
 0.010225
 0.007277
 0.008097
 0.010186
 0.008978
 0.008489
 0.012666
 0.011359
 0.005901
 0.010101
 0.011301
 0.011961
 0.007513
 0.007010
 0.017011
 0.008851
 0.025613
 0.015952
 0.015719
 0.021128
 0.018072
 0.023937
 0.016019
 0.016964
 0.018271
 0.017043
 0.014950
 0.015493
 0.016707
 0.017582
 0.016044
 0.011395
 0.010259
 0.008830
 0.009851
 0.010777
 0.010653
 0.012644
 0.014270
 0.016383
 0.017363
 0.016956
 0.015902
 0.017012
 0.019701
 0.019074
 0.018475
 0.018512
 0.017687
 0.017307
 0.016450
 0.019993
 0.019896
 0.017207
 0.014922
 0.017071
 0.028233
 0.016697
 0.016855
 0.014828
 0.015773
 0.011888
 0.015289
 0.017242
 0.012607
 0.016077
 0.014603
 0.019638
 0.013843
 0.017484
 0.015024
 0.013558
 0.015797
 0.041876
 0.016552
 0.014722
 0.013153
 0.025876
 0.013309
 0.014617
 0.016018
 0.015038
 0.011216
 0.014605
 0.013856
 0.022314
 0.018363
 0.018646
 0.018996
 0.016605
 0.019158
 0.018112
 0.016280
 0.020407
 0.017306
 0.017329
 0.015879
 0.016163
 0.016385
 0.011573
 0.012767
 0.009993
 0.008812
 0.027629
 0.022233
 0.020374
 0.019485
 0.019356
 0.020666
 0.018233
 0.020063
 0.017388
 0.019649
 0.018313
 0.018866
 0.019656
 0.018722
 0.020631
 0.019096
 0.020398
 0.006745
 0.009574
 0.008101
 0.010237
 0.006978
 0.007783
 0.006662
 0.006825
 0.010139
 0.007626
 0.008316
 0.010312
 0.008861
 0.009795
 0.009406
 0.009711
 0.011909
 0.011802
 0.009358
 0.010151
 0.008677
 0.017839
 0.016001
 0.013788
 0.016137
 0.016589
 0.014411
 0.014676
 0.016727
 0.014464
 0.015031
 0.020111
 0.015168
 0.015955
 0.015224
 0.018095
 0.014752
 0.014112
 0.014255
 0.033208
 0.012480
 0.015940
 0.011381
 0.018016
 0.013231
 0.014250
 0.018937
 0.016795
 0.015791
 0.015693
 0.017149
 0.017909
 0.012484
 0.011219
 0.007428
 0.012074
 0.011698
 0.009301
 0.010663
 0.012336
 0.008760
 0.013580
 0.015854
 0.021495
 0.015029
 0.019141
 0.015103
 0.015431
 0.020279
 0.018011
 0.018019
 0.019055
 0.016388
 0.016026
 0.013173
 0.015904
 0.009958
 0.007031
 0.006776
 0.008047
 0.009035
 0.007806
 0.009311
 0.009976
 0.010842
 0.011560
 0.009194
 0.010791
 0.007215
 0.009549
 0.010902
 0.009658
 0.008573
 0.008102
 0.007628
 0.011217
 0.011886
 0.009177
 0.010358
 0.009463
 0.011859
 0.012431
 0.009571
 0.011664
 0.012199
 0.014414
 0.016414
 0.018412
 0.012220
 0.016134
 0.014814
 0.014960
 0.017764
 0.015740
 0.015246
 0.016840
 0.013705
 0.013759
 0.016919
 0.016505
 0.019353
 0.013018
 0.016507
 0.018096
 0.016983
 0.016178
 0.016559
 0.015752
 0.016437
 0.015263
 0.020789
 0.017016
 0.016734
 0.017596
 0.017526
 0.016428
 0.016708
 0.016426
 0.014253
 0.009784
 0.011905
 0.011214
 0.012328
 0.014407
 0.013628
 0.012866
 0.015308
 0.014001
 0.015460
 0.017178
 0.014351
 0.016450
 0.015419
 0.016108
 0.015937
 0.014911
 0.015328
 0.013153
 0.014569
 0.014693
 0.019634
 0.016112
 0.016529
 0.021308
 0.017171
 0.017841
 0.017186
 0.019700
 0.018611
 0.019156
 0.021637
 0.020345
 0.018650
 0.019230
 0.019752
 0.020844
 0.020886
 0.018689
 0.018793
 0.019352
 0.017080
 0.021175
 0.020974
 0.020532
 0.021396
 0.016952
 0.021149
 0.021484
 0.020269
 0.015645
 0.019179
 0.018016
 0.021032
 0.016936
 0.017461
 0.015628
 0.016394
 0.016723
 0.015116
 0.017486
 0.017664
 0.014436
 0.022195
 0.018216
 0.018438
 0.018320
 0.016128
 0.014956
 0.014738
 0.012908
 0.014168
 0.016602
 0.013757
 0.015520
 0.017892
 0.017371
 0.016192
 0.015220
 0.014533
 0.015425
 0.013374
 0.014868
 0.011319
 0.014537
 0.015475
 0.014988
 0.015199
 0.017027
 0.016437
 0.017519
 0.024920
 0.015907
 0.014139
 0.017001
 0.016445
 0.007650
 0.018007
 0.019838
 0.016262
 0.016657
 0.016310
 0.015615
 0.014984
 0.015872
 0.013541
 0.013965
 0.018736
 0.015280
 0.014201
 0.015094
 0.020187
 0.014033
 0.013981
 0.014363
 0.014657
 0.015599
 0.017603
 0.014132
 0.014461
 0.012432
 0.015920
 0.014476
 0.016733
 0.015398
 0.012828
 0.014216
 0.014633
 0.014255
 0.014064
 0.015675
 0.015048
 0.015951
 0.019826
 0.016341
 0.015098
 0.015866
 0.016160
 0.018942
 0.016826
 0.014535
 0.017976
 0.014877
 0.016110
 0.026908
 0.019155
 0.016735
 0.018745
 0.016536
 0.024149
 0.018128
 0.019048
 0.015294
 0.015177
 0.015911
 0.017852
 0.016219
 0.019821
 0.014601
 0.016590
 0.016324
 0.019545
 0.018559
 0.018501
 0.016596
 0.018244
 0.016276
 0.018374
 0.014326
 0.016034
 0.016958
 0.014825
 0.016928
 0.015341
 0.018570
 0.018102
 0.018567
 0.017794
 0.018202
 0.018340
 0.017982
 0.018710
 0.017335
 0.013948
 0.017340
 0.015499
 0.017865
 0.015068
 0.018149
 0.017988
 0.016885
 0.016636
 0.015612
 0.012267
 0.030994
 0.031656
 0.032062
 0.026964
 0.027715
 0.028377
 0.029033
 0.007571
 0.009541
 0.010561
 0.012029
 0.010841
 0.012328
 0.012448
 0.008792
 0.010121
 0.010909
 0.008299
 0.012872
 0.012069
 0.012640
 0.009338
 0.012902
 0.013499
 0.010642
 0.010272
 0.011982
 0.011666
 0.011358
 0.010387
 0.012297
 0.013109
 0.011914
 0.010755
 0.014444
 0.012431
 0.012338
 0.010966
 0.014044
 0.011914
 0.011228
 0.012089
 0.009020
 0.012267
 0.012150
 0.011877
 0.011142
 0.012603
 0.011776
 0.012013
 0.019760
 0.006637
 0.009037
 0.009802
 0.011875
 0.011678
 0.008646
 0.005934
 0.013193
 0.011410
 0.008924
 0.009516
 0.011000
 0.011728
 0.008875
 0.011068
 0.009152
 0.009967
 0.009708
 0.009761
 0.006197
 0.011291
 0.010841
 0.012452
 0.011566
 0.008878
 0.007338
 0.011803
 0.011795
 0.009389
 0.011446
 0.011444
 0.007928
 0.011882
 0.010615
 0.006898
 0.012128
 0.009555
 0.012198
 0.011149
 0.012051
 0.007162
 0.010612
 0.009049
 0.008329
 0.008421
 0.011773
 0.008450
 0.010320
 0.011370
 0.011604
 0.008390
 0.008602
 0.009992
 0.008589
 0.010043
 0.010692
 0.011135
 0.008063
 0.010615
 0.010895
 0.009878
 0.009928
 0.008883
 0.011287
 0.010439
 0.011928
 0.008794
 0.008990
 0.009421
 0.007934
 0.003673
721 frames decoded in toal.
